POS,VEL,Torq
0.6198748760204467,-0.2380952380952408,0.0006593406593404794
0.6371175707637136,-1.7619047619047592,-0.02043956043956019
0.6267719539177534,5.38095238095238,0.0257142857142858
0.5888380254825663,-6.61904761904762,0.024395604395604398
0.6284962233920837,7.698412698412696,0.008571428571428452
0.6198748760204467,-7.8253968253968225,-0.05736263736263725
0.5284885938811357,3.4761904761904816,0.05208791208791208
0.6802243076218843,2.714285714285708,-0.06659340659340662
0.5543526359960325,-11.444444444444443,0.004615384615384688
0.5164187075608453,7.444444444444443,0.06000000000000005
0.6905699244678445,1.7619047619047592,-0.05868131868131865
0.5336614023041122,-12.968253968253968,0.001978021978021882
0.4612420843823912,5.8253968253968225,0.05868131868131865
0.6785000381475541,7.063492063492063,-0.05604395604395629
0.6112535286488168,-10.968253968253968,-0.06263736263736286
0.3939955748836468,-2.7777777777777786,0.06000000000000005
0.5353856717784424,14.174603174603178,0.05340659340659348
0.7078126192111114,-1.1587301587301582,-0.05208791208791208
0.5077973601892154,-16.04761904761905,-0.01912087912087923
0.36123445487144323,2.8412698412698347,0.04549450549450551
0.5974593728542033,15.412698412698418,-0.030989010989010968
0.7078126192111114,-3.6666666666666643,-0.04945054945054972
0.4612420843823912,-17.158730158730158,0.004615384615384688
0.3164034485389493,2.80952380952381,0.04417582417582455
0.5543526359960325,16.936507936507937,-0.01648351648351687
0.7198825055313947,-1.4126984126984112,-0.05604395604395629
0.5146944380865222,-16.61904761904762,-0.05472527472527444
0.2629510948348184,-3.253968253968253,0.056043956043955845
0.38364995803768664,13.031746031746039,0.04681318681318691
0.695742732890821,8.23809523809524,-0.04813186813186787
0.6629816128786175,-9.253968253968253,-0.06263736263736286
0.3370946822308696,-15.603174603174601,0.05076923076923112
0.22329289692530807,2.460317460317455,0.05868131868131865
0.43192950331883395,17.126984126984127,0.049450549450549275
0.7078126192111114,3.3809523809523796,-0.05340659340659348
0.5991836423285264,-12.714285714285715,-0.06395604395604426
0.25777828641184186,-11.98412698412698,0.05340659340659348
0.20087739375905755,5.095238095238102,0.05208791208791208
0.4612420843823912,19.126984126984127,0.0257142857142858
0.7112611581597648,2.80952380952381,-0.06131868131868101
0.5733196002136296,-13.825396825396822,-0.05340659340659348
0.21812008850232445,-12.42857142857143,0.06527472527472522
0.15259784847791025,5.349206349206355,0.05736263736263769
0.4026169222552838,18.80952380952381,0.05472527472527444
0.695742732890821,5.476190476190482,-0.04285714285714315
0.6095292591744865,-11.825396825396822,-0.06395604395604426
0.24915693904020486,-17.03174603174603,0.04549450549450551
0.09742122529945618,0.8412698412698347,0.05736263736263769
0.26122682536049524,13.920634920634924,0.056043956043955845
0.6233234149691,12.42857142857143,-0.06395604395604426
0.6647058823529406,-6.968253968253968,-0.06131868131868101
0.36640726329441975,-20.174603174603178,-0.05736263736263725
0.08190280003051953,-5.285714285714285,0.04813186813186787
0.14742504005493373,9.57142857142857,0.056043956043955845
0.48365758754863464,19.825396825396822,-0.03626373626373658
0.6871213855191911,0.5238095238095184,-0.05736263736263725
0.5164187075608453,-14.936507936507937,-0.05472527472527444
0.14052796215762697,-14.079365079365083,0.06263736263736241
0.04224460212100212,3.3809523809523796,0.05472527472527444
0.25777828641184186,16.301587301587304,0.05736263736263769
0.6198748760204467,10.460317460317455,-0.05868131868131865
0.6405661097123669,-7.253968253968253,-0.04813186813186787
0.3474402990768297,-20.01587301587302,-0.06000000000000005
0.030174715800718843,-7.317460317460316,0.04417582417582455
0.06810864423590601,8.841269841269835,0.06263736263736241
0.39227130540932365,20.746031746031747,-0.008571428571428452
0.6595330739299641,3.349206349206355,-0.06000000000000005
0.5664225223163228,-11.603174603174601,-0.05472527472527444
0.2026016632333878,-19.79365079365079,0.0257142857142858
-0.023277637903412085,-2.7142857142857153,0.06395604395604426
0.09914549477378642,12.650793650793645,0.06263736263736241
0.47503624017700474,18.936507936507937,-0.05208791208791208
0.6543602655069805,-0.8730158730158735,-0.06000000000000005
0.4646906233310446,-15.698412698412696,-0.06131868131868101
0.06810864423590601,-15.412698412698411,0.06395604395604426
-0.049141680018308875,2.6190476190476204,0.05340659340659348
0.16294346532387038,16.33333333333333,0.06527472527472522
0.5457312886244026,13.76190476190476,-0.07186813186813179
0.6250476844434303,-5.761904761904759,-0.05208791208791208
0.359510185397113,-18.650793650793652,-0.07054945054945083
-0.016380560006105327,-11.126984126984127,0.05868131868131865
-0.049141680018308875,6.682539682539684,0.05868131868131865
0.2284657053482846,19.063492063492063,0.06527472527472522
0.5888380254825663,9.158730158730165,-0.04681318681318691
0.5784924086366061,-8.396825396825399,-0.05076923076923068
0.26122682536049524,-20.96825396825397,-0.05604395604395629
-0.06983291371022915,-7.4761904761904745,0.05208791208791208
-0.025001907377735222,9.603174603174608,0.05472527472527444
0.3198519874876027,21.603174603174608,0.007252747252747049
0.6095292591744865,4.80952380952381,-0.05736263736263725
0.531937132829789,-10.61904761904762,-0.05868131868131865
0.17156481269550738,-21.539682539682538,0.015164835164835022
-0.10776684214541632,-3.507936507936506,0.05868131868131865
-0.016380560006105327,11.349206349206355,0.06000000000000005
0.3474402990768297,21.0,-0.011208791208791258
0.6009079118028566,3.095238095238102,-0.06791208791208758
0.49745174334324815,-12.079365079365083,-0.06659340659340662
0.12156099794002984,-21.158730158730158,0.029670329670329565
-0.1284580758373366,-3.2222222222222214,0.06395604395604426
-0.011207751583121706,12.460317460317455,0.06395604395604426
0.3733043411917265,19.920634920634924,-0.04681318681318691
0.5922865644312196,2.1111111111111143,-0.06659340659340662
0.44572365911344747,-13.666666666666664,-0.06395604395604426
0.05086594949263912,-19.6031746031746,0.05736263736263769
-0.1457007705806035,-0.1428571428571388,0.05340659340659348
0.030174715800718843,14.936507936507937,0.056043956043955845
0.43192950331883395,16.77777777777777,-0.075824175824176
0.576768139162283,-1.7619047619047592,-0.05208791208791208
0.3767528801403799,-15.603174603174601,-0.07186813186813179
-0.030174715800718843,-16.61904761904762,0.06395604395604426
-0.14914930952925687,3.603174603174608,0.042857142857142705
0.09742122529945618,18.206349206349202,0.06000000000000005
0.4853818570229649,12.142857142857139,-0.06263736263736286
0.5474555580987257,-4.841269841269842,-0.06395604395604426
0.30088502327000555,-17.539682539682538,-0.06659340659340662
-0.0939726863508028,-12.587301587301589,0.05472527472527444
-0.13880369268329673,7.19047619047619,0.049450549450549275
0.1508735790035871,20.04761904761905,0.06000000000000005
0.504348821240562,9.19047619047619,-0.05472527472527444
0.5146944380865222,-7.222222222222221,-0.05472527472527444
0.2370870527199216,-19.19047619047619,-0.06395604395604426
-0.13535515373464335,-9.603174603174601,0.05208791208791208
-0.12673380636301346,8.365079365079367,0.06000000000000005
0.19915312428473442,21.253968253968253,0.042857142857142705
0.5164187075608453,6.968253968253961,-0.04549450549450551
0.4733119707026745,-9.126984126984127,-0.06131868131868101
0.1508735790035871,-21.76190476190476,-0.02703296703296676
-0.17328908216983052,-5.952380952380949,0.05076923076923112
-0.1025940337224398,10.80952380952381,0.05736263736263769
0.268123903257802,21.063492063492063,-0.021758241758241592
0.5215915159838289,3.4761904761904816,-0.05868131868131865
0.41468680857556706,-11.634920634920633,-0.06527472527472522
0.04396887159533236,-21.19047619047619,0.03230769230769237
-0.19742885481040418,-2.238095238095241,0.05736263736263769
-0.04224460212100212,14.587301587301582,0.06131868131868101
0.35778591592278985,17.0,-0.05736263736263725
0.5146944380865222,-1.253968253968253,-0.05208791208791208
0.3388189517051927,-14.20634920634921,-0.06000000000000005
-0.06466010528725263,-17.920634920634917,0.06923076923076898
-0.19570458533608104,3.19047619047619,0.04417582417582455
0.04224460212100212,18.079365079365076,0.06131868131868101
0.4250324254215272,11.57142857142857,-0.06527472527472522
0.48883039597161826,-4.492063492063494,-0.06527472527472522
0.2560540169375116,-16.96825396825397,-0.07186813186813179
-0.14052796215762697,-12.492063492063494,0.06131868131868101
-0.17156481269550738,7.666666666666671,0.06000000000000005
0.14052796215762697,21.19047619047619,0.05868131868131865
0.468139162279698,7.666666666666671,-0.04549450549450551
0.44572365911344747,-7.888888888888886,-0.06659340659340662
0.14742504005493373,-20.904761904761905,-0.05736263736263725
-0.19742885481040418,-7.158730158730158,0.0415384615384613
-0.12500953688868321,11.412698412698418,0.05736263736263769
0.2543297474631885,20.61904761904762,-0.030989010989010968
0.48365758754863464,2.8412698412698347,-0.0731868131868132
0.37158007171740337,-11.476190476190474,-0.0731868131868132
-0.0008621347371615684,-21.063492063492063,0.03758241758241798
-0.22329289692530807,-0.6507936507936449,0.06263736263736241
-0.045693141069655496,15.634920634920633,0.06395604395604426
0.3543373769741365,14.682539682539684,-0.06263736263736286
0.47158770122835136,-2.7142857142857153,-0.05076923076923068
0.26984817273212514,-15.539682539682538,-0.06527472527472522
-0.1370794232089736,-15.0,0.06791208791208803
-0.21294728007934793,5.1269841269841265,0.0415384615384613
0.06466010528725263,19.920634920634924,0.06923076923076898
0.4215838864728738,9.063492063492063,-0.05340659340659348
0.42675669489585744,-7.1269841269841265,-0.06923076923076943
0.1422522316319501,-20.333333333333336,-0.06263736263736286
-0.21294728007934793,-7.888888888888886,0.03890109890109894
-0.16466773479820063,9.984126984126988,0.05736263736263769
0.20087739375905755,21.285714285714292,-0.011208791208791258
0.4560692759594076,3.698412698412696,-0.05868131868131865
0.36640726329441975,-10.333333333333336,-0.07054945054945083
0.00603494316014519,-21.920634920634917,0.017802197802197828
-0.2422598611428981,-2.1746031746031775,0.06131868131868101
-0.0939726863508028,14.396825396825392,0.05472527472527444
0.3077821011673123,16.58730158730158,-0.05868131868131865
0.45434500648508447,-1.095238095238095,-0.05472527472527444
0.2888151369497223,-13.730158730158728,-0.05868131868131865
-0.11466392004272308,-17.920634920634917,0.06395604395604426
-0.23881132219424472,3.3174603174603163,0.05340659340659348
0.0025864042114918107,18.61904761904762,0.07054945054945083
0.37847714961471013,10.523809523809518,-0.06791208791208758
0.42675669489585744,-4.333333333333336,-0.06659340659340662
0.1939803158617508,-17.444444444444443,-0.06527472527472522
-0.19570458533608104,-11.349206349206348,0.05736263736263769
