POS,VEL,Torq
3.3155947203784244,-0.015873015873012264,-0.0006593406593404794
3.2633325703822393,-2.5873015873015888,0.01252747252747266
3.24235141527428,1.095238095238102,0.011208791208791258
3.217174029144731,-2.142857142857146,-0.01912087912087923
3.1679636835278853,-0.8412698412698347,0.008571428571428452
3.1679636835278853,-0.36507936507936734,-0.03362637362637333
3.1092164492256043,-4.269841269841272,-0.015164835164835022
3.061532005798428,1.8253968253968225,0.03362637362637377
3.069924467841611,-2.841269841269842,-0.01912087912087923
2.98027771419852,-2.1111111111111143,0.06395604395604426
3.0088883802548256,2.555555555555557,0.003296703296703285
2.938315403982605,-5.984126984126981,0.009890109890109855
2.9070344090943774,4.238095238095241,0.049450549450549275
2.931830319676509,-4.460317460317462,-0.03626373626373658
2.8028915846494247,-2.142857142857146,0.0731868131868132
2.8913939116502636,4.841269841269835,-0.021758241758241592
2.8067063401235988,-9.76190476190476,-0.011208791208791258
2.7094300755321576,3.507936507936506,0.049450549450549275
2.8418020904860004,2.0793650793650755,-0.06395604395604426
2.703326466773479,-11.222222222222221,-0.001978021978021882
2.6281757839322495,4.428571428571431,0.049450549450549275
2.771610589761197,2.460317460317455,-0.06923076923076943
2.648393987945372,-11.730158730158728,-0.02703296703296676
2.5301365682459753,3.444444444444443,0.04021978021978034
2.7037079423208965,5.0,-0.06263736263736286
2.6300831616693365,-10.269841269841272,-0.06263736263736286
2.417982757305257,-3.0,0.05340659340659348
2.5534065766384373,12.936507936507937,0.007252747252747049
2.669756618600747,-2.841269841269842,-0.05208791208791208
2.4584191653315024,-15.222222222222221,-0.03362637362637333
2.2825589379720768,-0.904761904761898,0.06659340659340662
2.4233234149691008,13.158730158730165,0.030989010989010968
2.587739375906004,0.3333333333333286,-0.07186813186813179
2.44697489890898,-12.333333333333336,-0.06527472527472522
2.1620126649881737,-8.460317460317462,0.05340659340659348
2.176127260242618,7.984126984126988,0.05736263736263769
2.432860303654536,10.555555555555557,-0.05472527472527444
2.471007858396277,-5.4761904761904745,-0.06923076923076943
2.2226672770275417,-17.158730158730158,-0.009890109890109855
2.0040817883573663,-1.8888888888888857,0.06000000000000005
2.1574349584191648,14.206349206349202,0.06791208791208803
2.3737315938048376,2.492063492063494,-0.06263736263736286
2.2402151522087426,-13.666666666666664,-0.06263736263736286
1.9323643854428934,-7.8253968253968225,0.049450549450549275
1.9747081712062258,9.698412698412696,0.06000000000000005
2.2638666361486237,9.57142857142857,-0.05208791208791208
2.2562371252002755,-8.142857142857146,-0.05208791208791208
1.9426642252231634,-16.682539682539684,0.03494505494505473
1.8446250095368892,6.111111111111114,0.04813186813186787
2.1169985503929194,16.04761904761905,-0.02703296703296676
2.2310597390707247,-3.3809523809523796,-0.05340659340659348
1.9892042420080873,-18.460317460317462,-0.05076923076923068
1.7343785763332562,-2.8730158730158735,0.05868131868131865
1.87247272449836,14.460317460317455,0.05736263736263769
2.1452277409018077,4.8730158730158735,-0.04945054945054972
2.0510032806897076,-12.174603174603178,-0.06131868131868101
1.7191195544365598,-11.730158730158728,0.05208791208791208
1.6863126573586626,6.714285714285708,0.06263736263736241
1.9647898069733731,15.57142857142857,-0.04813186813186787
2.0788509956511785,-3.507936507936506,-0.05604395604395629
1.8450064850843066,-17.444444444444443,-0.06263736263736286
1.5558480201419087,-6.396825396825399,0.05340659340659348
1.6035324635690849,8.61904761904762,0.06131868131868101
1.9029907682917528,14.523809523809518,-0.06000000000000005
2.0040817883573663,-3.095238095238095,-0.06000000000000005
1.7900740062561997,-16.04761904761905,-0.06527472527472522
1.4631494621194783,-9.349206349206348,0.05472527472527444
1.460097657740139,7.285714285714292,0.06659340659340662
1.7423895628290218,17.158730158730165,-0.007252747252747049
1.938467994201572,1.3174603174603163,-0.07186813186813179
1.8057145037003135,-12.333333333333336,-0.06659340659340662
1.4505607690547038,-16.61904761904762,0.06527472527472522
1.3117036697947668,2.460317460317455,0.04681318681318691
1.5230411230640115,16.174603174603178,0.06659340659340662
1.8076218814374005,6.460317460317455,-0.05076923076923068
1.7839703974975212,-7.444444444444443,-0.06791208791208758
1.5016784924086366,-19.317460317460316,-0.001978021978021882
1.2418936446173792,-3.158730158730158,0.05472527472527444
1.3708323796444652,13.349206349206355,0.056043956043955845
1.689364461738002,9.476190476190482,-0.04813186813186787
1.6973754482337675,-7.222222222222221,-0.06395604395604426
1.4047837033646147,-19.6031746031746,-0.0006593406593404794
1.177424277103837,-1.2222222222222214,0.05868131868131865
1.348325322346838,15.38095238095238,0.06395604395604426
1.6412985427634084,5.476190476190482,-0.04549450549450551
1.5665293354695962,-11.126984126984127,-0.04813186813186787
1.2159533073929953,-15.317460317460316,0.06923076923076898
1.1511024643320358,7.1269841269841265,0.05340659340659348
1.447127489127947,18.746031746031747,-0.004615384615384688
1.6062027924010067,-1.7936507936507908,-0.05472527472527444
1.3925764858472576,-17.6031746031746,-0.05604395604395629
1.066414892805371,-6.111111111111114,0.036263736263736135
1.1495765621423661,11.857142857142861,0.05340659340659348
1.495574883649958,12.555555555555557,-0.06659340659340662
1.5257114518959334,-7.158730158730158,-0.05340659340659348
1.2163347829404128,-20.301587301587304,-0.001978021978021882
1.0042343785763332,-0.1428571428571388,0.056043956043955845
1.1888685435263593,16.33333333333333,0.05340659340659348
1.4864194705119402,5.253968253968253,-0.05472527472527444
1.4066910811017017,-11.253968253968253,-0.05604395604395629
1.0542076752880138,-15.126984126984127,0.05208791208791208
0.9618905928130008,3.8253968253968225,0.05076923076923112
1.2113756008239864,18.77777777777777,0.0257142857142858
1.4543755245288779,2.4285714285714306,-0.06000000000000005
1.3094148165102624,-14.174603174603178,-0.06659340659340662
0.9515907530327308,-12.20634920634921,0.056043956043955845
0.8863584344243538,3.857142857142861,0.05868131868131865
1.120584420538643,17.920634920634924,0.04417582417582455
1.3971541924162665,3.8253968253968225,-0.04945054945054972
1.2949187457084008,-12.20634920634921,-0.06263736263736286
0.9386205844205389,-15.79365079365079,0.05472527472527444
0.8043411917296108,1.3809523809523796,0.06000000000000005
0.9729533836881057,13.952380952380949,0.06131868131868101
1.2994964522774097,9.476190476190482,-0.05868131868131865
1.2956816968032356,-8.142857142857146,-0.06263736263736286
0.9874494544899672,-18.96825396825397,0.0006593406593404794
0.7536049439230954,-3.1269841269841265,0.07186813186813179
0.8463035019455258,10.42857142857143,0.05736263736263769
1.1713206683451585,14.904761904761898,-0.05736263736263725
1.2804226749065393,-3.095238095238095,-0.04945054945054972
1.0587853818570228,-16.20634920634921,-0.07054945054945083
0.7238498512245357,-9.825396825396822,0.049450549450549275
0.712024109254596,7.063492063492063,0.05868131868131865
0.994697489890898,18.682539682539684,0.028351648351648162
1.2449454489967184,3.444444444444443,-0.06527472527472522
1.1549172198062099,-10.80952380952381,-0.05868131868131865
0.8131151293202112,-18.650793650793652,0.04417582417582455
0.6078812848096433,-1.0,0.05736263736263769
0.7707713435568788,14.42857142857143,0.06527472527472522
1.114862287327382,11.920634920634924,-0.06263736263736286
1.183909361409933,-3.857142857142854,-0.06131868131868101
0.9653238727397575,-16.174603174603178,-0.06659340659340662
0.6052109559777215,-10.873015873015873,0.05340659340659348
0.592622262912947,7.698412698412696,0.05868131868131865
0.9031433585107198,19.66666666666667,0.013846153846154063
1.1530098420691228,3.761904761904759,-0.06000000000000005
1.0687037460898754,-10.20634920634921,-0.07186813186813179
0.7211795223926138,-20.650793650793652,0.023076923076922995
0.49687190051117724,-1.349206349206348,0.05736263736263769
0.6620508125429154,15.19047619047619,0.05868131868131865
1.034752422369726,11.222222222222229,-0.06000000000000005
1.0877775234607459,-5.285714285714285,-0.06263736263736286
0.8405813687342647,-18.58730158730159,-0.06395604395604426
0.48390173189898533,-8.396825396825399,0.04417582417582455
0.5163271534294651,9.476190476190482,0.05736263736263769
0.8642328526741441,20.111111111111114,-0.01648351648351687
1.0717555504692147,1.8888888888888857,-0.07450549450549415
0.961127641718166,-11.507936507936506,-0.06659340659340662
0.5807965209430073,-19.79365079365079,0.04549450549450551
0.41905088883802577,2.2698412698412653,0.04681318681318691
0.6502250705729757,18.079365079365076,0.06527472527472522
0.9912642099641413,7.698412698412696,-0.0415384615384613
0.976005188067445,-7.444444444444443,-0.06000000000000005
0.6601434348058284,-21.349206349206348,-0.021758241758241592
0.3919661249713897,-2.8730158730158735,0.05208791208791208
0.5323491264209963,14.174603174603178,0.06131868131868101
0.9065766384374765,12.333333333333329,-0.06791208791208758
0.9523537041275656,-6.206349206349209,-0.06000000000000005
0.6677729457541766,-20.682539682539684,-0.04813186813186787
0.3694590676737626,-3.2857142857142847,0.04021978021978034
0.502212558175021,14.206349206349202,0.05076923076923112
0.8764400701915012,12.333333333333329,-0.06131868131868101
0.9115358205539028,-6.904761904761905,-0.05868131868131865
0.6033035782406344,-21.444444444444443,-0.030989010989010968
0.3404669260700395,-2.6190476190476204,0.05868131868131865
0.48123140306706347,14.460317460317455,0.056043956043955845
0.8508812085145347,11.539682539682545,-0.07186813186813179
0.877203021286336,-7.158730158730158,-0.04813186813186787
0.5659189745937283,-21.349206349206348,-0.017802197802197828
0.3171969176775775,-1.9841269841269806,0.05472527472527444
0.4819943541618983,15.57142857142857,0.056043956043955845
0.8394369420920125,9.57142857142857,-0.06659340659340662
0.8222705424582291,-9.063492063492063,-0.05076923076923068
0.4739833676661327,-20.20634920634921,0.01912087912087923
0.29430838483253297,1.095238095238102,0.05868131868131865
0.49343862058442056,16.936507936507937,0.05208791208791208
0.8291371023117424,7.063492063492063,-0.05076923076923068
0.7818341344319837,-9.98412698412698,-0.06000000000000005
0.42706187533379136,-18.96825396825397,0.024395604395604398
0.271038376440071,1.6031746031746081,0.05076923076923112
0.4747463187609675,17.285714285714292,0.06000000000000005
0.805485618371863,7.19047619047619,-0.04681318681318691
0.7406347753109017,-11.063492063492063,-0.05472527472527444
0.3747997253376063,-17.317460317460316,0.03890109890109894
0.24624246585793763,2.0158730158730123,0.05736263736263769
0.4545281147478448,17.19047619047619,0.056043956043955845
0.7833600366216533,7.0,-0.05472527472527444
0.7265201800564576,-10.460317460317462,-0.06131868131868101
0.36869611657892776,-18.174603174603178,0.029670329670329565
0.2153429465171275,0.7460317460317469,0.06000000000000005
0.38433661402304153,15.158730158730165,0.04681318681318691
0.7345311665522232,10.079365079365076,-0.06263736263736286
0.7322423132677187,-8.269841269841272,-0.06000000000000005
0.40493629358358163,-20.079365079365083,-0.001978021978021882
0.1909285114824133,-1.857142857142854,0.06923076923076898
0.32215609979400384,12.904761904761898,0.05208791208791208
0.6807431143663685,13.19047619047619,-0.06527472527472522
0.7299534599832143,-7.1269841269841265,-0.06000000000000005
0.43392843518730473,-20.20634920634921,-0.04681318681318691
0.16803997863736875,-3.857142857142854,0.06131868131868101
0.24280918593118095,9.825396825396822,0.06395604395604426
0.5853742275120162,18.04761904761905,-0.04285714285714315
0.7398718242160669,-1.9841269841269806,-0.05208791208791208
0.5300602731364918,-16.904761904761905,-0.06263736263736286
0.18062867170214325,-9.825396825396822,0.06000000000000005
0.15697718776226388,6.460317460317455,0.06000000000000005
0.4282063019760436,19.444444444444443,0.028351648351648162
0.7173647669184398,4.047619047619051,-0.05604395604395629
0.6269550621805138,-11.634920634920633,-0.05472527472527444
0.26798657206073173,-17.666666666666664,0.04021978021978034
0.09708552681773064,-0.5238095238095184,0.06263736263736241
0.23899443045700686,12.80952380952381,0.06923076923076898
0.6017776760509648,14.714285714285708,-0.06791208791208758
0.6914244296940559,-4.904761904761905,-0.05208791208791208
0.43087663080796546,-18.904761904761905,-0.0731868131868132
0.103952086671244,-8.142857142857146,0.05472527472527444
0.11844815747310555,7.857142857142861,0.06923076923076898
0.41866941329060836,20.14285714285714,0.011208791208791258
0.6891355764095515,3.1269841269841265,-0.05340659340659348
0.5746929121843287,-12.714285714285715,-0.05472527472527444
0.2031357289997704,-17.063492063492063,0.05076923076923112
0.04024567025253667,0.3333333333333286,0.06131868131868101
0.2035172045471878,13.76190476190476,0.05868131868131865
0.5735484855420765,14.523809523809518,-0.06659340659340662
0.6666285191119243,-3.761904761904759,-0.05736263736263725
0.4293507286182958,-17.666666666666664,-0.07450549450549415
0.0749599450675209,-10.269841269841272,0.05208791208791208
0.05436026550698081,7.1269841269841265,0.06527472527472522
0.338178072785535,19.57142857142857,0.042857142857142705
0.6460288395513842,6.0793650793650755,-0.04549450549450551
0.5739299610894939,-10.714285714285715,-0.05340659340659348
0.21915770199130158,-19.444444444444443,0.029670329670329565
-0.0036240177004653873,-2.3650793650793673,0.07186813186813179
0.11997405966277519,12.301587301587304,0.06659340659340662
0.4858091096360724,17.698412698412696,-0.05868131868131865
0.6418326085297927,-1.9206349206349174,-0.04813186813186787
0.43507286182955696,-16.301587301587304,-0.0731868131868132
0.061226825360494175,-12.714285714285715,0.06659340659340662
-0.009346150911726525,5.476190476190482,0.056043956043955845
0.24395361257343318,17.888888888888886,0.06923076923076898
0.588044556343938,8.841269841269835,-0.04945054945054972
0.5807965209430073,-7.8253968253968225,-0.05340659340659348
0.27370870527199287,-19.95238095238095,-0.03494505494505473
-0.027656977187762166,-6.269841269841272,0.04549450549450551
0.04062714579995408,10.587301587301582,0.05736263736263769
0.3877698939497982,19.698412698412696,-0.03758241758241754
0.6143663691157393,2.555555555555557,-0.07054945054945083
0.4907682917524987,-12.714285714285715,-0.06791208791208758
0.11959258411535778,-18.079365079365083,0.05340659340659348
-0.06542305638208568,-0.4285714285714306,0.06527472527472522
0.095559624628061,14.269841269841265,0.06000000000000005
0.47207598992904565,15.539682539682545,-0.06263736263736286
0.594529640650034,-2.492063492063494,-0.05472527472527444
0.38090333409628485,-16.174603174603178,-0.07186813186813179
0.004386968795300206,-13.095238095238095,0.06395604395604426
-0.0623712520027464,5.666666666666671,0.06131868131868101
0.20160982681010076,18.492063492063494,0.06000000000000005
0.544174868390936,8.80952380952381,-0.05604395604395629
0.5331120775158311,-8.142857142857146,-0.06000000000000005
0.23594262607766758,-19.95238095238095,-0.03890109890109894
-0.0749599450675209,-7.158730158730158,0.04813186813186787
-0.01697566186007471,10.23809523809524,0.05736263736263769
0.3332188906691087,19.825396825396822,-0.02043956043956019
0.571259632257572,3.095238095238102,-0.06263736263736286
0.45185778591592296,-12.301587301587304,-0.06000000000000005
0.08564126039520836,-19.285714285714285,0.04417582417582455
-0.11348897535667923,-0.49206349206349387,0.06527472527472522
0.05359731441214599,14.904761904761898,0.06527472527472522
0.43392843518730473,15.158730158730165,-0.0731868131868132
0.5579079880979627,-1.9206349206349174,-0.06263736263736286
0.36984054322118,-14.746031746031747,-0.0731868131868132
-0.012779430838483208,-15.126984126984127,0.06527472527472522
-0.1161593041886011,3.349206349206355,0.05340659340659348
0.11882963302052296,17.698412698412696,0.06923076923076898
0.4785610742351416,10.555555555555557,-0.05604395604395629
0.5163271534294651,-6.5238095238095255,-0.05736263736263725
0.254253452353705,-18.20634920634921,-0.06923076923076943
-0.09822995345998287,-9.126984126984127,0.049450549450549275
-0.08258945601586909,8.492063492063494,0.05208791208791208
0.24662394140535504,20.52380952380952,0.01912087912087923
0.5231937132829785,4.587301587301582,-0.05208791208791208
0.4419394216830703,-10.61904761904762,-0.06791208791208758
0.09517814908064359,-20.650793650793652,0.024395604395604398
-0.14744029907682865,-2.492063492063494,0.05868131868131865
0.0036240177004653873,14.523809523809518,0.06527472527472522
0.3870069428549634,15.507936507936506,-0.07450549450549415
0.5197604333562218,-1.6666666666666643,-0.05472527472527444
0.33131151293202166,-14.587301587301589,-0.06659340659340662
-0.0539787899595634,-15.285714285714285,0.06659340659340662
-0.1413366903181501,5.1269841269841265,0.04681318681318691
0.13065537499046265,19.158730158730165,0.06395604395604426
0.46787975890745415,8.904761904761898,-0.04813186813186787
0.47131303883421083,-7.095238095238095,-0.05868131868131865
0.19588769359883962,-19.285714285714285,-0.06000000000000005
-0.14209964141298492,-7.698412698412696,0.04417582417582455
-0.09212634470130432,10.079365079365076,0.05076923076923112
0.2630273899443054,19.825396825396822,-0.02043956043956019
0.4953459983215076,3.2222222222222285,-0.0731868131868132
0.40188448920424236,-10.682539682539684,-0.06000000000000005
0.05359731441214599,-20.555555555555557,0.03362637362637377
-0.1745250629434647,-1.603174603174601,0.06659340659340662
-0.020027466239413982,14.42857142857143,0.05736263736263769
0.361448081177997,14.555555555555557,-0.06131868131868101
0.48123140306706347,-2.1111111111111143,-0.05736263736263725
0.2920195315480285,-14.587301587301589,-0.06263736263736286
-0.09174486915388691,-14.23809523809524,0.05868131868131865
-0.16308079652094243,5.253968253968253,0.05208791208791208
0.11005569542992255,19.539682539682545,0.06659340659340662
0.43812466620889623,7.984126984126988,-0.05868131868131865
0.42629892423895654,-7.571428571428569,-0.06923076923076943
0.1409552147707327,-20.079365079365083,-0.04549450549450551
-0.1745250629434647,-5.8253968253968225,0.05340659340659348
-0.09594110017547841,11.19047619047619,0.05340659340659348
0.27294575417715805,18.42857142857143,-0.0415384615384613
0.4652094300755323,1.2222222222222285,-0.06659340659340662
0.329785610742352,-12.20634920634921,-0.06791208791208758
-0.046730754558632626,-18.111111111111114,0.05208791208791208
-0.18978408484016107,2.714285714285708,0.04813186813186787
0.03910124361028444,17.920634920634924,0.06131868131868101
0.39654383154039863,9.952380952380949,-0.05868131868131865
0.4293507286182958,-5.634920634920633,-0.06923076923076943
0.1783398184176388,-18.555555555555557,-0.05604395604395629
-0.17147325856412543,-8.23809523809524,0.056043956043955845
-0.12951094834821042,10.111111111111114,0.05472527472527444
0.22755016403448458,19.698412698412696,-0.02043956043956019
0.44728007934691405,2.9365079365079367,-0.0731868131868132
0.344663157091631,-10.61904761904762,-0.06131868131868101
-0.014305333028152845,-20.01587301587302,0.03758241758241798
-0.20656900892652708,1.1269841269841265,0.04681318681318691
0.000953688868543523,16.936507936507937,0.06791208791208803
0.3713664454108496,10.682539682539684,-0.06395604395604426
0.4243915465018695,-3.9206349206349174,-0.06263736263736286
0.1997024490730137,-17.063492063492063,-0.06527472527472522
-0.16880292973220357,-9.98412698412698,0.06131868131868101
-0.1539253833829246,9.063492063492063,0.05076923076923112
0.19283588921950034,20.52380952380952,-0.005934065934066091
0.4293507286182958,3.253968253968253,-0.07186813186813179
0.34695201037613543,-9.825396825396822,-0.06131868131868101
-0.0017166399633783413,-20.650793650793652,0.027032967032967203
-0.2203021286335538,-0.5238095238095184,0.06000000000000005
-0.037956816968032214,16.14285714285714,0.06000000000000005
0.3408484016174569,12.142857142857139,-0.06131868131868101
0.41485465781643427,-3.6666666666666643,-0.05604395604395629
0.19398031586175257,-17.03174603174603,-0.06395604395604426
-0.1787212939650562,-10.460317460317462,0.06659340659340662
-0.17223620965896025,8.777777777777771,0.05868131868131865
0.16918440527962098,21.0,-0.0006593406593404794
0.4163805600061039,3.253968253968253,-0.06395604395604426
0.32635233081559534,-10.492063492063494,-0.06791208791208758
