POS_Set_point,VEL_setpoint,POS gain,VEL gain,FOC
3.2843270771343565,0,2,0,0
3.2514838063630127,0,2,0,0
3.2189689682993827,0,2,0,0
3.1867792786163887,0,2,0,0
3.1549114858302247,0,2,0,0
3.1233623709719223,0,2,0,0
3.092128747262203,0,2,0,0
3.061207459789581,0,2,0,0
3.030595385191685,0,2,0,0
3.0002894313397683,0,2,0,0
2.9702865370263707,0,2,0,0
2.940583671656107,0,2,0,0
2.911177834939546,0,2,0,0
2.8820660565901504,0,2,0,0
2.8532453960242488,0,2,0,0
2.8247129420640062,0,2,0,0
2.7964658126433664,0,2,0,0
2.7685011545169327,0,2,0,0
2.7408161429717635,0,2,0,0
2.713407981542046,0,2,0,0
2.6862739017266257,0,2,0,0
2.6594111627093593,0,2,0,0
2.6328170510822657,0,2,0,0
2.606488880571443,0,2,0,0
2.5804239917657283,0,2,0,0
2.554619751848071,0,2,0,0
2.5290735543295906,0,2,0,0
2.5037828187862945,0,2,0,0
2.4787449905984316,0,2,0,0
2.453957540692447,0,2,0,0
2.4294179652855226,0,2,0,0
2.4051237856326675,0,2,0,0
2.381072547776341,0,2,0,0
2.3572618222985775,0,2,0,0
2.3336892040755917,0,2,0,0
2.3103523120348357,0,2,0,0
2.2872487889144875,0,2,0,0
2.2643763010253424,0,2,0,0
2.2417325380150888,0,2,0,0
2.219315212634938,0,2,0,0
2.1971220605085886,0,2,0,0
2.1751508399035027,0,2,0,0
2.1533993315044677,0,2,0,0
2.131865338189423,0,2,0,0
2.1105466848075287,0,2,0,0
2.0894412179594535,0,2,0,0
2.068546805779859,0,2,0,0
2.0478613377220602,0,2,0,0
2.0273827243448395,0,2,0,0
2.007108897101391,0,2,0,0
1.9870378081303772,0,2,0,0
1.9671674300490734,0,2,0,0
1.9474957557485826,0,2,0,0
1.9280207981910968,0,2,0,0
1.9087405902091859,0,2,0,0
1.889653184307094,0,2,0,0
1.8707566524640231,0,2,0,0
1.8520490859393828,0,2,0,0
1.8335285950799889,0,2,0,0
1.815193309129189,0,2,0,0
1.7970413760378972,0,2,0,0
1.7790709622775183,0,2,0,0
1.761280252654743,0,2,0,0
1.7436674501281957,0,2,0,0
1.7262307756269137,0,2,0,0
1.7089684678706445,0,2,0,0
1.691878783191938,0,2,0,0
1.6749599953600185,0,2,0,0
1.6582103954064182,0,2,0,0
1.6416282914523541,0,2,0,0
1.6252120085378305,0,2,0,0
1.6089598884524523,0,2,0,0
1.5928702895679279,0,2,0,0
1.5769415866722485,0,2,0,0
1.561172170805526,0,2,0,0
1.5455604490974706,0,2,0,0
1.5301048446064958,0,2,0,0
1.5148037961604308,0,2,0,0
1.4996557581988266,0,2,0,0
1.4846592006168382,0,2,0,0
1.4698126086106698,0,2,0,0
1.455114482524563,0,2,0,0
1.4405633376993174,0,2,0,0
1.4261577043223244,0,2,0,0
1.411896127279101,0,2,0,0
1.39777716600631,0,2,0,0
1.383799394346247,0,2,0,0
1.3699614004027845,0,2,0,0
1.3562617863987567,0,2,0,0
1.3426991685347691,0,2,0,0
1.3292721768494213,0,2,0,0
1.3159794550809272,0,2,0,0
1.3028196605301179,0,2,0,0
1.2897914639248167,0,2,0,0
1.2768935492855684,0,2,0,0
1.2641246137927127,0,2,0,0
1.2514833676547856,0,2,0,0
1.2389685339782377,0,2,0,0
1.2265788486384552,0,2,0,0
1.2143130601520706,0,2,0,0
1.20216992955055,0,2,0,0
1.1901482302550443,0,2,0,0
1.1782467479524938,0,2,0,0
1.1664642804729688,0,2,0,0
1.154799637668239,0,2,0,0
1.1432516412915565,0,2,0,0
1.131819124878641,0,2,0,0
1.1205009336298544,0,2,0,0
1.1092959242935558,0,2,0,0
1.0982029650506202,0,2,0,0
1.0872209354001139,0,2,0,0
1.0763487260461126,0,2,0,0
1.0655852387856515,0,2,0,0
1.0549293863977949,0,2,0,0
1.044380092533817,0,2,0,0
1.0339362916084787,0,2,0,0
1.0235969286923938,0,2,0,0
1.0133609594054698,0,2,0,0
1.003227349811415,0,2,0,0
0.9931950763133008,0,2,0,0
0.9832631255501678,0,2,0,0
0.9734304942946661,0,2,0,0
0.9636961893517194,0,2,0,0
0.9540592274582023,0,2,0,0
0.9445186351836202,0,2,0,0
0.935073448831784,0,2,0,0
0.9257227143434662,0,2,0,0
0.9164654872000315,0,2,0,0
0.9073008323280312,0,2,0,0
0.8982278240047509,0,2,0,0
0.8892455457647034,0,2,0,0
0.8803530903070563,0,2,0,0
0.8715495594039857,0,2,0,0
0.8628340638099459,0,2,0,0
0.8542057231718464,0,2,0,0
0.8456636659401279,0,2,0,0
0.8372070292807265,0,2,0,0
0.8288349589879193,0,2,0,0
0.82054660939804,0,2,0,0
0.8123411433040596,0,2,0,0
0.804217731871019,0,2,0,0
0.7961755545523088,0,2,0,0
0.7882137990067857,0,2,0,0
0.7803316610167178,0,2,0,0
0.7725283444065506,0,2,0,0
0.7648030609624851,0,2,0,0
0.7571550303528602,0,2,0,0
0.7495834800493316,0,2,0,0
0.7420876452488383,0,2,0,0
0.73466676879635,0,2,0,0
0.7273201011083864,0,2,0,0
0.7200469000973025,0,2,0,0
0.7128464310963295,0,2,0,0
0.7057179667853662,0,2,0,0
0.6986607871175126,0,2,0,0
0.6916741792463375,0,2,0,0
0.6847574374538741,0,2,0,0
0.6779098630793353,0,2,0,0
0.6711307644485419,0,2,0,0
0.6644194568040565,0,2,0,0
0.6577752622360159,0,2,0,0
0.6511975096136557,0,2,0,0
0.6446855345175192,0,2,0,0
0.638238679172344,0,2,0,0
0.6318562923806206,0,2,0,0
0.6255377294568144,0,2,0,0
0.6192823521622463,0,2,0,0
0.6130895286406238,0,2,0,0
0.6069586333542176,0,2,0,0
0.6008890470206755,0,2,0,0
0.5948801565504687,0,2,0,0
0.588931354984964,0,2,0,0
0.5830420414351143,0,2,0,0
0.5772116210207632,0,2,0,0
0.5714395048105555,0,2,0,0
0.5657251097624499,0,2,0,0
0.5600678586648254,0,2,0,0
0.5544671800781772,0,2,0,0
0.5489225082773954,0,2,0,0
0.5434332831946215,0,2,0,0
0.5379989503626753,0,2,0,0
0.5326189608590486,0,2,0,0
0.5272927712504581,0,2,0,0
0.5220198435379536,0,2,0,0
0.516799645102574,0,2,0,0
0.5116316486515483,0,2,0,0
0.5065153321650329,0,2,0,0
0.5014501788433825,0,2,0,0
0.4964356770549487,0,2,0,0
0.49147132028439916,0,2,0,0
0.4865566070815552,0,2,0,0
0.4816910410107396,0,2,0,0
0.4768741306006322,0,2,0,0
0.47210538929462587,0,2,0,0
0.4673843354016796,0,2,0,0
0.4627104920476628,0,2,0,0
0.45808338712718616,0,2,0,0
0.4535025532559143,0,2,0,0
0.4489675277233552,0,2,0,0
0.44447785244612165,0,2,0,0
0.4400330739216604,0,2,0,0
0.4356327431824438,0,2,0,0
0.43127641575061937,0,2,0,0
0.42696365159311317,0,2,0,0
0.422694015077182,0,2,0,0
0.4184670749264102,0,2,0,0
0.4142824041771461,0,2,0,0
0.41013958013537466,0,2,0,0
0.4060381843340209,0,2,0,0
0.40197780249068066,0,2,0,0
0.39795802446577383,0,2,0,0
0.3939784442211161,0,2,0,0
0.39003865977890495,0,2,0,0
0.3861382731811159,0,2,0,0
0.38227689044930474,0,2,0,0
0.3784541215448117,0,2,0,0
0.37466958032936354,0,2,0,0
0.3709228845260699,0,2,0,0
0.3672136556808092,0,2,0,0
0.3635415191240011,0,2,0,0
0.3599061039327611,0,2,0,0
0.3563070428934335,0,2,0,0
0.3527439724644992,0,2,0,0
0.3492165327398542,0,2,0,0
0.34572436741245566,0,2,0,0
0.3422671237383311,0,2,0,0
0.3388444525009478,0,2,0,0
0.33545600797593833,0,2,0,0
0.33210144789617896,0,2,0,0
0.3287804334172172,0,2,0,0
0.325492629083045,0,2,0,0
0.32223770279221453,0,2,0,0
0.31901532576429237,0,2,0,0
0.31582517250664943,0,2,0,0
0.3126669207815829,0,2,0,0
0.3095402515737671,0,2,0,0
0.3064448490580294,0,2,0,0
0.3033804005674491,0,2,0,0
0.3003465965617746,0,2,0,0
0.29734313059615686,0,2,0,0
0.2943696992901953,0,2,0,0
0.2914260022972933,0,2,0,0
0.28851174227432036,0,2,0,0
0.28562662485157714,0,2,0,0
0.2827703586030614,0,2,0,0
0.27994265501703075,0,2,0,0
0.27714322846686046,0,2,0,0
0.2743717961821919,0,2,0,0
0.27162807822036994,0,2,0,0
0.26891179743816623,0,2,0,0
0.2662226794637846,0,2,0,0
0.26356045266914674,0,2,0,0
0.26092484814245526,0,2,0,0
0.2583155996610307,0,2,0,0
0.2557324436644204,0,2,0,0
0.2531751192277762,0,2,0,0
0.2506433680354984,0,2,0,0
0.24813693435514342,0,2,0,0
0.24565556501159197,0,2,0,0
0.24319900936147604,0,2,0,0
0.2407670192678613,0,2,0,0
0.23835934907518266,0,2,0,0
0.23597575558443085,0,2,0,0
0.23361599802858654,0,2,0,0
0.23127983804830068,0,2,0,0
0.22896703966781767,0,2,0,0
0.2266773692711395,0,2,0,0
0.2244105955784281,0,2,0,0
0.22216648962264382,0,2,0,0
0.21994482472641738,0,2,0,0
0.2177453764791532,0,2,0,0
0.21556792271436168,0,2,0,0
0.21341224348721805,0,2,0,0
0.21127812105234586,0,2,0,0
0.2091653398418224,0,2,0,0
0.20707368644340418,0,2,0,0
0.20500294957897014,0,2,0,0
0.20295292008318044,0,2,0,0
0.20092339088234865,0,2,0,0
0.19891415697352516,0,2,0,0
0.1969250154037899,0,2,0,0
0.194955765249752,0,2,0,0
0.19300620759725448,0,2,0,0
0.19107614552128194,0,2,0,0
0.18916538406606911,0,2,0,0
0.1872737302254084,0,2,0,0
0.18540099292315432,0,2,0,0
0.18354698299392277,0,2,0,0
0.18171151316398354,0,2,0,0
0.1798943980323437,0,2,0,0
0.17809545405202026,0,2,0,0
0.17631449951150005,0,2,0,0
0.17455135451638504,0,2,0,0
0.17280584097122118,0,2,0,0
0.17107778256150896,0,2,0,0
0.16936700473589386,0,2,0,0
0.16767333468853493,0,2,0,0
0.1659966013416496,0,2,0,0
0.1643366353282331,0,2,0,0
0.16269326897495076,0,2,0,0
0.16106633628520126,0,2,0,0
0.15945567292234925,0,2,0,0
0.15786111619312576,0,2,0,0
0.1562825050311945,0,2,0,0
0.15471967998088257,0,2,0,0
0.15317248318107374,0,2,0,0
0.151640758349263,0,2,0,0
0.15012435076577035,0,2,0,0
0.14862310725811265,0,2,0,0
0.1471368761855315,0,2,0,0
0.14566550742367618,0,2,0,0
0.14420885234943942,0,2,0,0
0.14276676382594503,0,2,0,0
0.1413390961876856,0,2,0,0
0.13992570522580872,0,2,0,0
0.13852644817355061,0,2,0,0
0.1371411836918151,0,2,0,0
0.13576977185489694,0,2,0,0
0.13441207413634798,0,2,0,0
0.1330679533949845,0,2,0,0
0.13173727386103465,0,2,0,0
0.1304199011224243,0,2,0,0
0.12911570211120005,0,2,0,0
0.12782454509008806,0,2,0,0
0.12654629963918718,0,2,0,0
0.1252808366427953,0,2,0,0
0.12402802827636734,0,2,0,0
0.12278774799360367,0,2,0,0
0.12155987051366764,0,2,0,0
0.12034427180853095,0,2,0,0
0.11914082909044564,0,2,0,0
0.11794942079954118,0,2,0,0
0.11676992659154577,0,2,0,0
0.1156022273256303,0,2,0,0
0.114446205052374,0,2,0,0
0.11330174300185027,0,2,0,0
0.11216872557183176,0,2,0,0
0.11104703831611344,0,2,0,0
0.10993656793295231,0,2,0,0
0.10883720225362278,0,2,0,0
0.10774883023108656,0,2,0,0
0.10667134192877568,0,2,0,0
0.10560462850948793,0,2,0,0
0.10454858222439305,0,2,0,0
0.10350309640214912,0,2,0,0
0.10246806543812763,0,2,0,0
0.10144338478374636,0,2,0,0
0.1004289509359089,0,2,0,0
0.0994246614265498,0,2,0,0
