POS_Set_point,VEL_setpoint,POS gain,VEL gain,FOC
0.8529468986038,0,0.5,0,0
0.844417429617762,0,0.5,0,0
0.8359732553215844,0,0.5,0,0
0.8276135227683685,0,0.5,0,0
0.8193373875406849,0,0.5,0,0
0.811144013665278,0,0.5,0,0
0.8030325735286252,0,0.5,0,0
0.795002247793339,0,0.5,0,0
0.7870522253154055,0,0.5,0,0
0.7791817030622514,0,0.5,0,0
0.771389886031629,0,0.5,0,0
0.7636759871713127,0,0.5,0,0
0.7560392272995996,0,0.5,0,0
0.7484788350266036,0,0.5,0,0
0.7409940466763376,0,0.5,0,0
0.7335841062095743,0,0.5,0,0
0.7262482651474785,0,0.5,0,0
0.7189857824960038,0,0.5,0,0
0.7117959246710437,0,0.5,0,0
0.7046779654243333,0,0.5,0,0
0.6976311857700899,0,0.5,0,0
0.690654873912389,0,0.5,0,0
0.6837483251732651,0,0.5,0,0
0.6769108419215325,0,0.5,0,0
0.6701417335023172,0,0.5,0,0
0.663440316167294,0,0.5,0,0
0.6568059130056211,0,0.5,0,0
0.6502378538755649,0,0.5,0,0
0.6437354753368092,0,0.5,0,0
0.637298120583441,0,0.5,0,0
0.6309251393776066,0,0.5,0,0
0.6246158879838306,0,0.5,0,0
0.6183697291039923,0,0.5,0,0
0.6121860318129524,0,0.5,0,0
0.6060641714948228,0,0.5,0,0
0.6000035297798746,0,0.5,0,0
0.5940034944820758,0,0.5,0,0
0.588063459537255,0,0.5,0,0
0.5821828249418824,0,0.5,0,0
0.5763609966924637,0,0.5,0,0
0.5705973867255391,0,0.5,0,0
0.5648914128582837,0,0.5,0,0
0.5592424987297009,0,0.5,0,0
0.5536500737424038,0,0.5,0,0
0.5481135730049798,0,0.5,0,0
0.5426324372749299,0,0.5,0,0
0.5372061129021807,0,0.5,0,0
0.5318340517731589,0,0.5,0,0
0.5265157112554273,0,0.5,0,0
0.521250554142873,0,0.5,0,0
0.5160380486014443,0,0.5,0,0
0.5108776681154299,0,0.5,0,0
0.5057688914342756,0,0.5,0,0
0.5007112025199328,0,0.5,0,0
0.4957040904947335,0,0.5,0,0
0.49074704958978616,0,0.5,0,0
0.4858395790938883,0,0.5,0,0
0.4809811833029494,0,0.5,0,0
0.47617137146991995,0,0.5,0,0
0.47140965775522076,0,0.5,0,0
0.4666955611776685,0,0.5,0,0
0.4620286055658918,0,0.5,0,0
0.4574083195102329,0,0.5,0,0
0.4528342363151306,0,0.5,0,0
0.4483058939519793,0,0.5,0,0
0.4438228350124595,0,0.5,0,0
0.4393846066623349,0,0.5,0,0
0.43499076059571157,0,0.5,0,0
0.43064085298975446,0,0.5,0,0
0.4263344444598569,0,0.5,0,0
0.4220711000152583,0,0.5,0,0
0.41785038901510574,0,0.5,0,0
0.4136718851249547,0,0.5,0,0
0.4095351662737051,0,0.5,0,0
0.40543981461096806,0,0.5,0,0
0.40138541646485837,0,0.5,0,0
0.39737156230020976,0,0.5,0,0
0.3933978466772077,0,0.5,0,0
0.3894638682104356,0,0.5,0,0
0.3855692295283312,0,0.5,0,0
0.3817135372330479,0,0.5,0,0
0.37789640186071743,0,0.5,0,0
0.37411743784211027,0,0.5,0,0
0.3703762634636892,0,0.5,0,0
0.3666725008290523,0,0.5,0,0
0.36300577582076177,0,0.5,0,0
0.35937571806255414,0,0.5,0,0
0.3557819608819286,0,0.5,0,0
0.3522241412731093,0,0.5,0,0
0.3487018998603782,0,0.5,0,0
0.34521488086177443,0,0.5,0,0
0.34176273205315666,0,0.5,0,0
0.3383451047326251,0,0.5,0,0
0.33496165368529884,0,0.5,0,0
0.33161203714844584,0,0.5,0,0
0.32829591677696135,0,0.5,0,0
0.32501295760919174,0,0.5,0,0
0.3217628280330998,0,0.5,0,0
0.3185451997527688,0,0.5,0,0
0.3153597477552411,0,0.5,0,0
0.3122061502776887,0,0.5,0,0
0.30908408877491184,0,0.5,0,0
0.3059932478871627,0,0.5,0,0
0.30293331540829105,0,0.5,0,0
0.2999039822542081,0,0.5,0,0
0.29690494243166604,0,0.5,0,0
0.2939358930073494,0,0.5,0,0
0.2909965340772759,0,0.5,0,0
0.2880865687365031,0,0.5,0,0
0.2852057030491381,0,0.5,0,0
0.2823536460186467,0,0.5,0,0
0.27953010955846025,0,0.5,0,0
0.2767348084628756,0,0.5,0,0
0.2739674603782469,0,0.5,0,0
0.2712277857744644,0,0.5,0,0
0.26851550791671974,0,0.5,0,0
0.2658303528375525,0,0.5,0,0
0.263172049309177,0,0.5,0,0
0.2605403288160852,0,0.5,0,0
0.25793492552792435,0,0.5,0,0
0.2553555762726451,0,0.5,0,0
0.2528020205099186,0,0.5,0,0
0.25027400030481944,0,0.5,0,0
0.24777126030177124,0,0.5,0,0
0.24529354769875353,0,0.5,0,0
0.24284061222176598,0,0.5,0,0
0.2404122060995483,0,0.5,0,0
0.2380080840385528,0,0.5,0,0
0.2356280031981673,0,0.5,0,0
0.2332717231661856,0,0.5,0,0
0.23093900593452374,0,0.5,0,0
0.2286296158751785,0,0.5,0,0
0.2263433197164267,0,0.5,0,0
0.22407988651926244,0,0.5,0,0
0.22183908765406982,0,0.5,0,0
0.21962069677752913,0,0.5,0,0
0.21742448980975385,0,0.5,0,0
0.2152502449116563,0,0.5,0,0
0.21309774246253974,0,0.5,0,0
0.21096676503791434,0,0.5,0,0
0.2088570973875352,0,0.5,0,0
0.20676852641365984,0,0.5,0,0
0.20470084114952325,0,0.5,0,0
0.202653832738028,0,0.5,0,0
0.20062729441064772,0,0.5,0,0
0.19862102146654123,0,0.5,0,0
0.19663481125187582,0,0.5,0,0
0.19466846313935707,0,0.5,0,0
0.1927217785079635,0,0.5,0,0
0.19079456072288384,0,0.5,0,0
0.188886615115655,0,0.5,0,0
0.18699774896449844,0,0.5,0,0
0.18512777147485346,0,0.5,0,0
0.18327649376010494,0,0.5,0,0
0.1814437288225039,0,0.5,0,0
0.17962929153427887,0,0.5,0,0
0.1778329986189361,0,0.5,0,0
0.1760546686327467,0,0.5,0,0
0.17429412194641924,0,0.5,0,0
0.17255118072695505,0,0.5,0,0
0.1708256689196855,0,0.5,0,0
0.16911741223048865,0,0.5,0,0
0.16742623810818377,0,0.5,0,0
0.16575197572710193,0,0.5,0,0
0.1640944559698309,0,0.5,0,0
0.1624535114101326,0,0.5,0,0
0.16082897629603127,0,0.5,0,0
0.15922068653307095,0,0.5,0,0
0.15762847966774024,0,0.5,0,0
0.15605219487106284,0,0.5,0,0
0.15449167292235222,0,0.5,0,0
0.1529467561931287,0,0.5,0,0
0.1514172886311974,0,0.5,0,0
0.14990311574488543,0,0.5,0,0
0.1484040845874366,0,0.5,0,0
0.14692004374156223,0,0.5,0,0
0.1454508433041466,0,0.5,0,0
0.14399633487110514,0,0.5,0,0
0.1425563715223941,0,0.5,0,0
0.14113080780717013,0,0.5,0,0
0.13971949972909842,0,0.5,0,0
0.13832230473180743,0,0.5,0,0
0.13693908168448934,0,0.5,0,0
0.13556969086764445,0,0.5,0,0
0.134213993958968,0,0.5,0,0
0.13287185401937832,0,0.5,0,0
0.13154313547918453,0,0.5,0,0
0.1302277041243927,0,0.5,0,0
0.12892542708314877,0,0.5,0,0
0.1276361728123173,0,0.5,0,0
0.1263598110841941,0,0.5,0,0
0.12509621297335216,0,0.5,0,0
0.12384525084361864,0,0.5,0,0
0.12260679833518245,0,0.5,0,0
0.12138073035183063,0,0.5,0,0
0.12016692304831232,0,0.5,0,0
0.1189652538178292,0,0.5,0,0
0.11777560127965091,0,0.5,0,0
0.11659784526685439,0,0.5,0,0
0.11543186681418585,0,0.5,0,0
0.11427754814604399,0,0.5,0,0
0.11313477266458355,0,0.5,0,0
0.11200342493793772,0,0.5,0,0
0.11088339068855833,0,0.5,0,0
0.10977455678167275,0,0.5,0,0
0.10867681121385601,0,0.5,0,0
0.10759004310171745,0,0.5,0,0
0.10651414267070028,0,0.5,0,0
0.10544900124399327,0,0.5,0,0
0.10439451123155334,0,0.5,0,0
0.1033505661192378,0,0.5,0,0
0.10231706045804542,0,0.5,0,0
0.10129388985346496,0,0.5,0,0
0.10028095095493031,0,0.5,0,0
0.09927814144538101,0,0.5,0,0
0.0982853600309272,0,0.5,0,0
0.09730250643061793,0,0.5,0,0
0.09632948136631175,0,0.5,0,0
0.09536618655264864,0,0.5,0,0
0.09441252468712215,0,0.5,0,0
0.09346839944025093,0,0.5,0,0
0.09253371544584842,0,0.5,0,0
0.09160837829138993,0,0.5,0,0
0.09069229450847603,0,0.5,0,0
0.08978537156339127,0,0.5,0,0
0.08888751784775735,0,0.5,0,0
0.08799864266927977,0,0.5,0,0
0.08711865624258697,0,0.5,0,0
0.0862474696801611,0,0.5,0,0
0.08538499498335948,0,0.5,0,0
0.08453114503352589,0,0.5,0,0
0.08368583358319064,0,0.5,0,0
0.08284897524735872,0,0.5,0,0
0.08202048549488514,0,0.5,0,0
0.08120028063993628,0,0.5,0,0
0.08038827783353691,0,0.5,0,0
0.07958439505520154,0,0.5,0,0
0.07878855110464952,0,0.5,0,0
0.07800066559360302,0,0.5,0,0
0.077220658937667,0,0.5,0,0
0.07644845234829033,0,0.5,0,0
0.07568396782480742,0,0.5,0,0
0.07492712814655934,0,0.5,0,0
0.07417785686509375,0,0.5,0,0
0.0734360782964428,0,0.5,0,0
0.07270171751347837,0,0.5,0,0
0.07197470033834359,0,0.5,0,0
0.07125495333496015,0,0.5,0,0
0.07054240380161055,0,0.5,0,0
0.06983697976359445,0,0.5,0,0
0.0691386099659585,0,0.5,0,0
0.06844722386629891,0,0.5,0,0
0.06776275162763593,0,0.5,0,0
0.06708512411135957,0,0.5,0,0
0.06641427287024597,0,0.5,0,0
0.0657501301415435,0,0.5,0,0
0.06509262884012806,0,0.5,0,0
0.06444170255172678,0,0.5,0,0
0.06379728552620952,0,0.5,0,0
0.06315931267094742,0,0.5,0,0
0.06252771954423794,0,0.5,0,0
0.061902442348795564,0,0.5,0,0
0.06128341792530761,0,0.5,0,0
0.06067058374605453,0,0.5,0,0
0.060063877908593986,0,0.5,0,0
0.059463239129508044,0,0.5,0,0
0.05886860673821296,0,0.5,0,0
0.05827992067083083,0,0.5,0,0
0.057697121464122515,0,0.5,0,0
0.05712015024948129,0,0.5,0,0
0.05654894874698648,0,0.5,0,0
0.055983459259516616,0,0.5,0,0
0.055423624666921446,0,0.5,0,0
0.054869388420252234,0,0.5,0,0
0.054320694536049714,0,0.5,0,0
0.05377748759068922,0,0.5,0,0
0.053239712714782325,0,0.5,0,0
0.0527073155876345,0,0.5,0,0
0.05218024243175816,0,0.5,0,0
0.051658440007440576,0,0.5,0,0
0.05114185560736617,0,0.5,0,0
0.05063043705129251,0,0.5,0,0
0.05012413268077959,0,0.5,0,0
0.04962289135397179,0,0.5,0,0
0.049126662440432074,0,0.5,0,0
0.04863539581602775,0,0.5,0,0
0.048149041857867475,0,0.5,0,0
0.0476675514392888,0,0.5,0,0
0.04719087592489592,0,0.5,0,0
0.046718967165646955,0,0.5,0,0
0.04625177749399048,0,0.5,0,0
0.045789259719050575,0,0.5,0,0
0.04533136712186007,0,0.5,0,0
0.04487805345064147,0,0.5,0,0
0.044429272916135056,0,0.5,0,0
0.04398498018697371,0,0.5,0,0
0.04354513038510397,0,0.5,0,0
0.04310967908125293,0,0.5,0,0
0.0426785822904404,0,0.5,0,0
0.042251796467536,0,0.5,0,0
0.04182927850286064,0,0.5,0,0
0.041410985717832034,0,0.5,0,0
0.04099687586065371,0,0.5,0,0
0.040586907102047175,0,0.5,0,0
0.040181038031026704,0,0.5,0,0
0.03977922765071644,0,0.5,0,0
0.039381435374209274,0,0.5,0,0
0.038987621020467184,0,0.5,0,0
0.03859774481026251,0,0.5,0,0
0.038211767362159886,0,0.5,0,0
0.03782964968853829,0,0.5,0,0
0.03745135319165291,0,0.5,0,0
0.03707683965973638,0,0.5,0,0
0.03670607126313901,0,0.5,0,0
0.03633901055050762,0,0.5,0,0
0.03597562044500254,0,0.5,0,0
0.03561586424055251,0,0.5,0,0
0.035259705598146986,0,0.5,0,0
0.03490710854216551,0,0.5,0,0
0.03455803745674386,0,0.5,0,0
0.03421245708217642,0,0.5,0,0
0.033870332511354656,0,0.5,0,0
0.033531629186241106,0,0.5,0,0
0.033196312894378695,0,0.5,0,0
0.03286434976543491,0,0.5,0,0
0.03253570626778056,0,0.5,0,0
0.03221034920510275,0,0.5,0,0
0.031888245713051724,0,0.5,0,0
0.031569363255921204,0,0.5,0,0
0.03125366962336199,0,0.5,0,0
0.03094113292712837,0,0.5,0,0
0.030631721597857087,0,0.5,0,0
0.030325404381878515,0,0.5,0,0
0.03002215033805973,0,0.5,0,0
0.029721928834679133,0,0.5,0,0
0.02942470954633234,0,0.5,0,0
0.02913046245086902,0,0.5,0,0
0.028839157826360328,0,0.5,0,0
0.028550766248096725,0,0.5,0,0
0.02826525858561576,0,0.5,0,0
0.027982605999759602,0,0.5,0,0
0.027702779939762005,0,0.5,0,0
0.027425752140364384,0,0.5,0,0
0.027151494618960742,0,0.5,0,0
0.026879979672771136,0,0.5,0,0
0.026611179876043424,0,0.5,0,0
0.02634506807728299,0,0.5,0,0
0.02608161739651016,0,0.5,0,0
0.025820801222545056,0,0.5,0,0
0.025562593210319607,0,0.5,0,0
0.02530696727821641,0,0.5,0,0
0.025053897605434246,0,0.5,0,0
0.024803358629379903,0,0.5,0,0
0.024555325043086104,0,0.5,0,0
0.02430977179265524,0,0.5,0,0
0.024066674074728688,0,0.5,0,0
0.0238260073339814,0,0.5,0,0
0.023587747260641587,0,0.5,0,0
0.023351869788035173,0,0.5,0,0
0.02311835109015482,0,0.5,0,0
0.02288716757925327,0,0.5,0,0
0.02265829590346074,0,0.5,0,0
0.02243171294442613,0,0.5,0,0
0.022207395814981868,0,0.5,0,0
0.02198532185683205,0,0.5,0,0
0.021765468638263726,0,0.5,0,0
0.02154781395188109,0,0.5,0,0
0.02133233581236228,0,0.5,0,0
0.021119012454238657,0,0.5,0,0
0.02090782232969627,0,0.5,0,0
0.020698744106399308,0,0.5,0,0
0.020491756665335314,0,0.5,0,0
0.020286839098681963,0,0.5,0,0
0.02008397070769514,0,0.5,0,0
0.01988313100061819,0,0.5,0,0
0.01968429969061201,0,0.5,0,0
0.01948745669370589,0,0.5,0,0
0.019292582126768834,0,0.5,0,0
0.019099656305501145,0,0.5,0,0
0.018908659742446134,0,0.5,0,0
0.01871957314502167,0,0.5,0,0
0.018532377413571454,0,0.5,0,0
0.01834705363943574,0,0.5,0,0
0.01816358310304138,0,0.5,0,0
0.017981947272010967,0,0.5,0,0
0.017802127799290857,0,0.5,0,0
0.017624106521297946,0,0.5,0,0
0.01744786545608497,0,0.5,0,0
0.01727338680152412,0,0.5,0,0
0.01710065293350888,0,0.5,0,0
0.01692964640417379,0,0.5,0,0
0.016760349940132053,0,0.5,0,0
0.01659274644073073,0,0.5,0,0
0.016426818976323424,0,0.5,0,0
0.01626255078656019,0,0.5,0,0
0.016099925278694586,0,0.5,0,0
0.01593892602590764,0,0.5,0,0
0.015779536765648562,0,0.5,0,0
0.015621741397992077,0,0.5,0,0
0.015465523984012155,0,0.5,0,0
0.015310868744172033,0,0.5,0,0
0.015157760056730312,0,0.5,0,0
0.01500618245616301,0,0.5,0,0
0.01485612063160138,0,0.5,0,0
0.014707559425285366,0,0.5,0,0
0.014560483831032513,0,0.5,0,0
0.014414878992722188,0,0.5,0,0
0.014270730202794965,0,0.5,0,0
0.014128022900767015,0,0.5,0,0
0.013986742671759344,0,0.5,0,0
0.01384687524504175,0,0.5,0,0
0.013708406492591333,0,0.5,0,0
0.01357132242766542,0,0.5,0,0
0.013435609203388767,0,0.5,0,0
0.01330125311135488,0,0.5,0,0
0.01316824058024133,0,0.5,0,0
0.013036558174438917,0,0.5,0,0
0.012906192592694527,0,0.5,0,0
0.012777130666767582,0,0.5,0,0
0.012649359360099905,0,0.5,0,0
0.012522865766498907,0,0.5,0,0
0.012397637108833917,0,0.5,0,0
0.012273660737745579,0,0.5,0,0
0.012150924130368123,0,0.5,0,0
0.012029414889064442,0,0.5,0,0
0.011909120740173798,0,0.5,0,0
0.01179002953277206,0,0.5,0,0
0.011672129237444338,0,0.5,0,0
0.011555407945069894,0,0.5,0,0
0.011439853865619194,0,0.5,0,0
0.011325455326963002,0,0.5,0,0
0.011212200773693372,0,0.5,0,0
0.011100078765956438,0,0.5,0,0
0.010989077978296874,0,0.5,0,0
0.010879187198513905,0,0.5,0,0
0.010770395326528766,0,0.5,0,0
0.010662691373263478,0,0.5,0,0
0.010556064459530843,0,0.5,0,0
0.010450503814935534,0,0.5,0,0
0.010345998776786179,0,0.5,0,0
0.010242538789018317,0,0.5,0,0
0.010140113401128133,0,0.5,0,0
0.010038712267116851,0,0.5,0,0
0.009938325144445682,0,0.5,0,0
