POS_Set_point,VEL_setpoint,POS gain,VEL gain,FOC
0.8533245593957433,0,5,0,0
0.8447913138017858,0,5,0,0
0.836343400663768,0,5,0,0
0.8279799666571304,0,5,0,0
0.819700166990559,0,5,0,0
0.8115031653206535,0,5,0,0
0.8033881336674469,0,5,0,0
0.7953542523307724,0,5,0,0
0.7874007098074647,0,5,0,0
0.7795267027093901,0,5,0,0
0.7717314356822962,0,5,0,0
0.7640141213254732,0,5,0,0
0.7563739801122185,0,5,0,0
0.7488102403110962,0,5,0,0
0.7413221379079853,0,5,0,0
0.7339089165289054,0,5,0,0
0.7265698273636164,0,5,0,0
0.7193041290899802,0,5,0,0
0.7121110877990804,0,5,0,0
0.7049899769210896,0,5,0,0
0.6979400771518787,0,5,0,0
0.6909606763803599,0,5,0,0
0.6840510696165563,0,5,0,0
0.6772105589203907,0,5,0,0
0.6704384533311868,0,5,0,0
0.6637340687978749,0,5,0,0
0.6570967281098962,0,5,0,0
0.6505257608287972,0,5,0,0
0.6440205032205092,0,5,0,0
0.6375802981883041,0,5,0,0
0.6312044952064211,0,5,0,0
0.6248924502543569,0,5,0,0
0.6186435257518134,0,5,0,0
0.6124570904942952,0,5,0,0
0.6063325195893522,0,5,0,0
0.6002691943934587,0,5,0,0
0.5942665024495242,0,5,0,0
0.5883238374250289,0,5,0,0
0.5824405990507786,0,5,0,0
0.5766161930602708,0,5,0,0
0.570850031129668,0,5,0,0
0.5651415308183714,0,5,0,0
0.5594901155101877,0,5,0,0
0.5538952143550858,0,5,0,0
0.548356262211535,0,5,0,0
0.5428726995894196,0,5,0,0
0.5374439725935254,0,5,0,0
0.5320695328675902,0,5,0,0
0.5267488375389142,0,5,0,0
0.5214813491635251,0,5,0,0
0.5162665356718898,0,5,0,0
0.5111038703151709,0,5,0,0
0.5059928316120192,0,5,0,0
0.500932903295899,0,5,0,0
0.49592357426294004,0,5,0,0
0.49096433852031063,0,5,0,0
0.4860546951351075,0,5,0,0
0.48119414818375644,0,5,0,0
0.4763822067019189,0,5,0,0
0.4716183846348997,0,5,0,0
0.4669022007885507,0,5,0,0
0.4622331787806652,0,5,0,0
0.4576108469928586,0,5,0,0
0.45303473852293,0,5,0,0
0.44850439113770074,0,5,0,0
0.44401934722632375,0,5,0,0
0.4395791537540605,0,5,0,0
0.4351833622165199,0,5,0,0
0.4308315285943547,0,5,0,0
0.42652321330841114,0,5,0,0
0.42225798117532704,0,5,0,0
0.41803540136357376,0,5,0,0
0.413855047349938,0,5,0,0
0.40971649687643863,0,5,0,0
0.40561933190767424,0,5,0,0
0.4015631385885975,0,5,0,0
0.39754750720271154,0,5,0,0
0.3935720321306844,0,5,0,0
0.3896363118093776,0,5,0,0
0.3857399486912838,0,5,0,0
0.381882549204371,0,5,0,0
0.37806372371232727,0,5,0,0
0.374283086475204,0,5,0,0
0.37054025561045195,0,5,0,0
0.36683485305434743,0,5,0,0
0.36316650452380395,0,5,0,0
0.3595348394785659,0,5,0,0
0.35593949108378026,0,5,0,0
0.35238009617294247,0,5,0,0
0.34885629521121303,0,5,0,0
0.3453677322591009,0,5,0,0
0.3419140549365099,0,5,0,0
0.3384949143871448,0,5,0,0
0.33510996524327336,0,5,0,0
0.3317588655908406,0,5,0,0
0.3284412769349322,0,5,0,0
0.32515686416558287,0,5,0,0
0.32190529552392705,0,5,0,0
0.31868624256868777,0,5,0,0
0.3154993801430009,0,5,0,0
0.31234438634157086,0,5,0,0
0.3092209424781551,0,5,0,0
0.30612873305337357,0,5,0,0
0.30306744572283983,0,5,0,0
0.30003677126561146,0,5,0,0
0.29703640355295535,0,5,0,0
0.29406603951742577,0,5,0,0
0.2911253791222515,0,5,0,0
0.28821412533102897,0,5,0,0
0.2853319840777187,0,5,0,0
0.2824786642369415,0,5,0,0
0.2796538775945721,0,5,0,0
0.2768573388186264,0,5,0,0
0.27408876543044014,0,5,0,0
0.2713478777761357,0,5,0,0
0.2686343989983744,0,5,0,0
0.26594805500839064,0,5,0,0
0.2632885744583067,0,5,0,0
0.26065568871372363,0,5,0,0
0.2580491318265864,0,5,0,0
0.2554686405083205,0,5,0,0
0.2529139541032373,0,5,0,0
0.2503848145622049,0,5,0,0
0.24788096641658286,0,5,0,0
0.24540215675241703,0,5,0,0
0.24294813518489286,0,5,0,0
0.24051865383304394,0,5,0,0
0.2381134672947135,0,5,0,0
0.23573233262176635,0,5,0,0
0.2333750092955487,0,5,0,0
0.2310412592025932,0,5,0,0
0.22873084661056725,0,5,0,0
0.22644353814446158,0,5,0,0
0.22417910276301697,0,5,0,0
0.2219373117353868,0,5,0,0
0.21971793861803293,0,5,0,0
0.2175207592318526,0,5,0,0
0.21534555163953406,0,5,0,0
0.21319209612313872,0,5,0,0
0.21106017516190734,0,5,0,0
0.20894957341028828,0,5,0,0
0.2068600776761854,0,5,0,0
0.20479147689942354,0,5,0,0
0.2027435621304293,0,5,0,0
0.200716126509125,0,5,0,0
0.19870896524403373,0,5,0,0
0.19672187559159338,0,5,0,0
0.19475465683567744,0,5,0,0
0.19280711026732067,0,5,0,0
0.19087903916464746,0,5,0,0
0.18897024877300098,0,5,0,0
0.18708054628527096,0,5,0,0
0.18520974082241826,0,5,0,0
0.18335764341419408,0,5,0,0
0.18152406698005213,0,5,0,0
0.17970882631025162,0,5,0,0
0.1779117380471491,0,5,0,0
0.17613262066667762,0,5,0,0
0.17437129446001084,0,5,0,0
0.17262758151541074,0,5,0,0
0.17090130570025663,0,5,0,0
0.16919229264325406,0,5,0,0
0.1675003697168215,0,5,0,0
0.16582536601965328,0,5,0,0
0.16416711235945675,0,5,0,0
0.16252544123586218,0,5,0,0
0.16090018682350357,0,5,0,0
0.15929118495526853,0,5,0,0
0.15769827310571585,0,5,0,0
0.1561212903746587,0,5,0,0
0.1545600774709121,0,5,0,0
0.153014476696203,0,5,0,0
0.15148433192924096,0,5,0,0
0.14996948860994855,0,5,0,0
0.14846979372384905,0,5,0,0
0.14698509578661056,0,5,0,0
0.14551524482874445,0,5,0,0
0.144060092380457,0,5,0,0
0.14261949145665243,0,5,0,0
0.1411932965420859,0,5,0,0
0.13978136357666504,0,5,0,0
0.13838354994089838,0,5,0,0
0.1369997144414894,0,5,0,0
0.1356297172970745,0,5,0,0
0.13427342012410373,0,5,0,0
0.1329306859228627,0,5,0,0
0.13160137906363406,0,5,0,0
0.13028536527299772,0,5,0,0
0.12898251162026775,0,5,0,0
0.12769268650406507,0,5,0,0
0.1264157596390244,0,5,0,0
0.12515160204263415,0,5,0,0
0.1239000860222078,0,5,0,0
0.12266108516198572,0,5,0,0
0.12143447431036586,0,5,0,0
0.1202201295672622,0,5,0,0
0.11901792827158958,0,5,0,0
0.11782774898887369,0,5,0,0
0.11664947149898496,0,5,0,0
0.1154829767839951,0,5,0,0
0.11432814701615515,0,5,0,0
0.1131848655459936,0,5,0,0
0.11205301689053365,0,5,0,0
0.11093248672162831,0,5,0,0
0.10982316185441203,0,5,0,0
0.1087249302358679,0,5,0,0
0.10763768093350923,0,5,0,0
0.10656130412417414,0,5,0,0
0.1054956910829324,0,5,0,0
0.10444073417210308,0,5,0,0
0.10339632683038204,0,5,0,0
0.10236236356207822,0,5,0,0
0.10133873992645744,0,5,0,0
0.10032535252719287,0,5,0,0
0.09932209900192093,0,5,0,0
0.09832887801190172,0,5,0,0
0.0973455892317827,0,5,0,0
0.09637213333946487,0,5,0,0
0.09540841200607023,0,5,0,0
0.09445432788600952,0,5,0,0
0.09350978460714943,0,5,0,0
0.09257468676107793,0,5,0,0
0.09164893989346715,0,5,0,0
0.09073245049453248,0,5,0,0
0.08982512598958715,0,5,0,0
0.08892687472969128,0,5,0,0
0.08803760598239437,0,5,0,0
0.08715722992257043,0,5,0,0
0.08628565762334472,0,5,0,0
0.08542280104711128,0,5,0,0
0.08456857303664017,0,5,0,0
0.08372288730627377,0,5,0,0
0.08288565843321102,0,5,0,0
0.08205680184887891,0,5,0,0
0.08123623383039012,0,5,0,0
0.08042387149208623,0,5,0,0
0.07961963277716537,0,5,0,0
0.07882343644939371,0,5,0,0
0.07803520208489978,0,5,0,0
0.07725485006405078,0,5,0,0
0.07648230156341027,0,5,0,0
0.07571747854777616,0,5,0,0
0.0749603037622984,0,5,0,0
0.07421070072467541,0,5,0,0
0.07346859371742866,0,5,0,0
0.07273390778025438,0,5,0,0
0.07200656870245183,0,5,0,0
0.07128650301542731,0,5,0,0
0.07057363798527304,0,5,0,0
0.06986790160542031,0,5,0,0
0.0691692225893661,0,5,0,0
0.06847753036347244,0,5,0,0
0.06779275505983771,0,5,0,0
0.06711482750923933,0,5,0,0
0.06644367923414694,0,5,0,0
0.06577924244180547,0,5,0,0
0.06512145001738741,0,5,0,0
0.06447023551721354,0,5,0,0
0.0638255331620414,0,5,0,0
0.06318727783042098,0,5,0,0
0.06255540505211678,0,5,0,0
0.06192985100159561,0,5,0,0
0.06131055249157965,0,5,0,0
0.060697446966663855,0,5,0,0
0.06009047249699721,0,5,0,0
0.05948956777202724,0,5,0,0
0.05889467209430697,0,5,0,0
0.0583057253733639,0,5,0,0
0.05772266811963026,0,5,0,0
0.05714544143843396,0,5,0,0
0.05657398702404962,0,5,0,0
0.05600824715380913,0,5,0,0
0.05544816468227104,0,5,0,0
0.05489368303544833,0,5,0,0
0.054344746205093844,0,5,0,0
0.0538012987430429,0,5,0,0
0.053263285755612476,0,5,0,0
0.05273065289805635,0,5,0,0
0.05220334636907578,0,5,0,0
0.051681312905385024,0,5,0,0
0.051164499776331175,0,5,0,0
0.05065285477856786,0,5,0,0
0.05014632623078218,0,5,0,0
0.04964486296847436,0,5,0,0
0.049148414338789616,0,5,0,0
0.04865693019540172,0,5,0,0
0.0481703608934477,0,5,0,0
0.04768865728451322,0,5,0,0
0.047211770711668086,0,5,0,0
0.04673965300455141,0,5,0,0
0.04627225647450589,0,5,0,0
0.04580953390976083,0,5,0,0
0.04535143857066322,0,5,0,0
0.044897924184956584,0,5,0,0
0.04444894494310702,0,5,0,0
0.04400445549367595,0,5,0,0
0.043564410938739195,0,5,0,0
0.0431287668293518,0,5,0,0
0.04269747916105828,0,5,0,0
0.042270504369447695,0,5,0,0
0.04184779932575322,0,5,0,0
0.04142932133249569,0,5,0,0
0.04101502811917073,0,5,0,0
0.040604877837979024,0,5,0,0
0.040198829059599234,0,5,0,0
0.03979684076900324,0,5,0,0
0.03939887236131321,0,5,0,0
0.03900488363770008,0,5,0,0
0.03861483480132308,0,5,0,0
0.038228686453309846,0,5,0,0
0.037846399588776745,0,5,0,0
0.037467935592888975,0,5,0,0
0.03709325623696008,0,5,0,0
0.03672232367459048,0,5,0,0
0.036355100437844574,0,5,0,0
0.03599154943346613,0,5,0,0
0.03563163393913147,0,5,0,0
0.035275317599740154,0,5,0,0
0.03492256442374275,0,5,0,0
0.034573338779505323,0,5,0,0
0.03422760539171027,0,5,0,0
0.03388532933779317,0,5,0,0
0.033546476044415234,0,5,0,0
0.03321101128397108,0,5,0,0
0.03287890117113137,0,5,0,0
0.03255011215942005,0,5,0,0
0.032224611037825854,0,5,0,0
0.03190236492744759,0,5,0,0
0.03158334127817312,0,5,0,0
0.031267507865391383,0,5,0,0
0.03095483278673747,0,5,0,0
0.030645284458870093,0,5,0,0
0.030338831614281393,0,5,0,0
0.03003544329813858,0,5,0,0
0.029735088865157192,0,5,0,0
0.02943773797650562,0,5,0,0
0.029143360596740563,0,5,0,0
0.028851926990773158,0,5,0,0
0.028563407720865425,0,5,0,0
0.02827777364365677,0,5,0,0
0.0279949959072202,0,5,0,0
0.027715045948148,0,5,0,0
0.027437895488666517,0,5,0,0
0.027163516533779852,0,5,0,0
0.026891881368442054,0,5,0,0
0.026622962554757632,0,5,0,0
0.026356732929210057,0,5,0,0
0.026093165599917957,0,5,0,0
0.025832233943918776,0,5,0,0
0.02557391160447959,0,5,0,0
0.025318172488434793,0,5,0,0
0.025064990763550444,0,5,0,0
0.02481434085591494,0,5,0,0
0.02456619744735579,0,5,0,0
0.02432053547288223,0,5,0,0
0.024077330118153408,0,5,0,0
0.023836556816971874,0,5,0,0
0.023598191248802153,0,5,0,0
0.02336220933631413,0,5,0,0
0.023128587242950988,0,5,0,0
0.022897301370521476,0,5,0,0
0.022668328356816262,0,5,0,0
0.022441645073248098,0,5,0,0
0.022217228622515618,0,5,0,0
0.02199505633629046,0,5,0,0
0.021775105772927555,0,5,0,0
0.02155735471519828,0,5,0,0
0.021341781168046296,0,5,0,0
0.021128363356365833,0,5,0,0
0.020917079722802174,0,5,0,0
0.020707908925574153,0,5,0,0
0.020500829836318412,0,5,0,0
0.020295821537955228,0,5,0,0
0.020092863322575674,0,5,0,0
0.019891934689349917,0,5,0,0
0.01969301534245642,0,5,0,0
0.019496085189031856,0,5,0,0
0.019301124337141536,0,5,0,0
0.01910811309377012,0,5,0,0
0.01891703196283242,0,5,0,0
0.018727861643204096,0,5,0,0
0.018540583026772056,0,5,0,0
0.018355177196504334,0,5,0,0
0.01817162542453929,0,5,0,0
0.017989909170293895,0,5,0,0
0.017810010078590958,0,5,0,0
0.017631909977805046,0,5,0,0
0.017455590878026995,0,5,0,0
0.017281034969246725,0,5,0,0
0.017108224619554257,0,5,0,0
0.016937142373358714,0,5,0,0
0.016767770949625126,0,5,0,0
0.016600093240128875,0,5,0,0
0.016434092307727587,0,5,0,0
0.01626975138465031,0,5,0,0
0.016107053870803807,0,5,0,0
0.015945983332095768,0,5,0,0
0.01578652349877481,0,5,0,0
0.015628658263787062,0,5,0,0
0.015472371681149191,0,5,0,0
0.015317647964337698,0,5,0,0
0.015164471484694322,0,5,0,0
0.015012826769847379,0,5,0,0
0.014862698502148905,0,5,0,0
0.014714071517127416,0,5,0,0
0.014566930801956141,0,5,0,0
0.014421261493936579,0,5,0,0
0.014277048878997212,0,5,0,0
0.01413427839020724,0,5,0,0
0.013992935606305167,0,5,0,0
0.013853006250242116,0,5,0,0
0.013714476187739695,0,5,0,0
0.013577331425862298,0,5,0,0
0.013441558111603675,0,5,0,0
0.01330714253048764,0,5,0,0
0.013174071105182763,0,5,0,0
0.013042330394130934,0,5,0,0
0.012911907090189625,0,5,0,0
0.01278278801928773,0,5,0,0
0.012654960139094852,0,5,0,0
0.012528410537703902,0,5,0,0
0.012403126432326864,0,5,0,0
0.012279095168003596,0,5,0,0
0.01215630421632356,0,5,0,0
0.012034741174160323,0,5,0,0
0.011914393762418719,0,5,0,0
0.011795249824794532,0,5,0,0
0.011677297326546586,0,5,0,0
0.01156052435328112,0,5,0,0
0.011444919109748309,0,5,0,0
0.011330469918650827,0,5,0,0
0.011217165219464318,0,5,0,0
0.011104993567269674,0,5,0,0
0.010993943631596977,0,5,0,0
0.010884004195281008,0,5,0,0
0.010775164153328198,0,5,0,0
0.010667412511794915,0,5,0,0
0.010560738386676965,0,5,0,0
0.010455131002810194,0,5,0,0
0.010350579692782092,0,5,0,0
0.010247073895854272,0,5,0,0
0.01014460315689573,0,5,0,0
0.010043157125326772,0,5,0,0
0.009942725554073504,0,5,0,0
