Timestamp,POS,VEL,Torq
1648844925.661354,0.8611810482948048,-0.015873015873012264,-0.0006593406593404794
1648844925.682233,0.8516441596093696,1.5079365079365061,0.008571428571428452
1648844925.70311,0.8401998931868473,1.3174603174603163,0.009890109890109855
1648844925.723984,0.8333333333333339,0.7460317460317469,-0.001978021978021882
1648844925.744858,0.826848249027238,-0.17460317460317754,-0.009890109890109855
1648844925.765737,0.8234149691004813,0.20634920634920206,-0.021758241758241592
1648844925.78661,0.8070115205615327,0.20634920634920206,0.008571428571428452
1648844925.807485,0.8031967650873586,0.5873015873015817,-0.005934065934066091
1648844925.828362,0.7944228274967582,0.7460317460317469,-0.004615384615384688
1648844925.84911,0.78679331654841,0.8412698412698347,-0.005934065934066091
1648844925.869985,0.7814526588845663,0.3333333333333286,-0.01912087912087923
1648844925.890859,0.7738231479362181,0.20634920634920206,-0.0257142857142858
1648844925.911737,0.7646677347982003,-0.39682539682539186,-0.02043956043956019
1648844925.932613,0.7589456015869391,-0.6507936507936449,-0.021758241758241592
1648844925.953487,0.7497901884489195,0.5238095238095184,-0.005934065934066091
1648844925.974238,0.7413977264057365,0.6507936507936449,-0.004615384615384688
1648844925.994986,0.7326237888151361,0.26984126984126533,-0.009890109890109855
1648844926.015988,0.726901655603875,-0.36507936507936734,-0.021758241758241592
1648844926.036864,0.7261387045090402,0.015873015873012264,-0.03626373626373658
1648844926.057613,0.7173647669184398,0.8730158730158735,-0.02967032967033001
1648844926.078488,0.7070649271381697,0.7142857142857082,-0.01912087912087923
1648844926.099488,0.6986724650949867,-0.26984126984126533,-0.017802197802197828
1648844926.120239,0.6956206607156474,0.07936507936507553,-0.028351648351648162
1648844926.141239,0.6857022964827948,0.8412698412698347,-0.01384615384615362
1648844926.162112,0.6773098344396118,0.7460317460317469,-0.01384615384615362
1648844926.183115,0.6723506523231855,-0.015873015873012264,-0.021758241758241592
1648844926.20399,0.6692988479438462,0.3333333333333286,-0.030989010989010968
1648844926.224609,0.661669336995498,0.015873015873012264,-0.02967032967033001
1648844926.245491,0.6589990081635761,0.2380952380952408,-0.0415384615384613
1648844926.26636,0.6490806439307235,0.7142857142857082,-0.03230769230769237
1648844926.2871,0.6403067063401231,-0.015873015873012264,-0.02703296703296676
1648844926.307603,0.6372549019607838,0.11111111111111427,-0.03494505494505473
1648844926.328363,0.6277180132753486,0.6190476190476204,-0.024395604395604398
1648844926.349117,0.6204699778744178,0.20634920634920206,-0.02307692307692344
1648844926.369867,0.6189440756847482,0.20634920634920206,-0.03758241758241754
1648844926.390867,0.6101701380941478,0.5873015873015817,-0.02967032967033001
1648844926.411868,0.6078812848096433,0.5238095238095184,-0.0415384615384613
1648844926.432626,0.5994888227664603,0.5238095238095184,-0.03626373626373658
1648844926.453493,0.5922407873655295,-0.2380952380952408,-0.03230769230769237
1648844926.474367,0.5899519340810251,0.11111111111111427,-0.04021978021978034
1648844926.495243,0.5800335698481724,0.36507936507936734,-0.028351648351648162
1648844926.516119,0.5731670099946591,-0.17460317460317754,-0.0257142857142858
1648844926.536994,0.571259632257572,-0.015873015873012264,-0.03362637362637333
1648844926.557868,0.5636301213092239,-0.047619047619051,-0.028351648351648162
1648844926.578481,0.5613412680247194,0.39682539682539186,-0.03890109890109894
1648844926.598885,0.552567330434119,0.3333333333333286,-0.03362637362637333
1648844926.619889,0.5506599526970319,0.3333333333333286,-0.0415384615384613
1648844926.640754,0.5418860151064315,0.2380952380952408,-0.03362637362637333
1648844926.661503,0.5399786373693445,0.20634920634920206,-0.04285714285714315
1648844926.682382,0.5308232242313267,0.11111111111111427,-0.03362637362637333
1648844926.703258,0.5258640421149003,-0.26984126984126533,-0.03230769230769237
1648844926.724002,0.5220492866407263,-0.015873015873012264,-0.03230769230769237
1648844926.744882,0.5148012512397955,0.49206349206349387,-0.021758241758241592
1648844926.765754,0.512512397955291,0.46031746031745513,-0.03230769230769237
1648844926.786632,0.5045014114595254,0.1428571428571388,-0.028351648351648162
1648844926.807506,0.5037384603646906,0.1428571428571388,-0.03890109890109894
1648844926.828256,0.49649042496375984,-0.2380952380952408,-0.03626373626373658
1648844926.849131,0.4945830472266728,-0.015873015873012264,-0.0415384615384613
1648844926.870006,0.48809796292057683,-0.1428571428571388,-0.04021978021978034
1648844926.890883,0.48504615854123756,0.3333333333333286,-0.0415384615384613
1648844926.911757,0.4747463187609675,0.1428571428571388,-0.028351648351648162
1648844926.932633,0.4739833676661327,0.1428571428571388,-0.03758241758241754
1648844926.953387,0.46368352788586265,-0.11111111111111427,-0.021758241758241592
1648844926.974258,0.4629205767910278,0.11111111111111427,-0.028351648351648162
1648844926.99501,0.45529106584267964,0.3333333333333286,-0.01912087912087923
1648844927.015882,0.4541466392004274,0.2380952380952408,-0.028351648351648162
1648844927.036759,0.44689860379949664,0.07936507936507553,-0.02307692307692344
1648844927.057634,0.4457541771572444,0.20634920634920206,-0.03230769230769237
1648844927.07851,0.4411764705882355,0.07936507936507553,-0.03362637362637333
1648844927.099385,0.4373617151140614,0.39682539682539186,-0.03362637362637333
1648844927.120261,0.43469138628213955,0.3333333333333286,-0.04021978021978034
1648844927.141136,0.42668039978637395,0.3333333333333286,-0.030989010989010968
1648844927.16189,0.42591744869153914,0.20634920634920206,-0.04021978021978034
1648844927.182771,0.4194323643854432,-0.39682539682539186,-0.03362637362637333
1648844927.204034,0.4163805600061039,0.1428571428571388,-0.03230769230769237
1648844927.22488,0.4068436713206687,-0.2380952380952408,-0.01912087912087923
1648844927.245667,0.40569924467841645,0.07936507936507553,-0.02307692307692344
1648844927.266284,0.39730678263523345,-0.11111111111111427,-0.01252747252747266
1648844927.287293,0.39768825818265086,0.07936507936507553,-0.02043956043956019
1648844927.308023,0.39349202716105935,0.015873015873012264,-0.02307692307692344
1648844927.329164,0.38967727168688526,0.5238095238095184,-0.01648351648351687
1648844927.350037,0.3873884184023808,0.5238095238095184,-0.024395604395604398
1648844927.37092,0.38014038300145003,0.36507936507936734,-0.01648351648351687
1648844927.391794,0.3789959563591978,0.20634920634920206,-0.024395604395604398
1648844927.41267,0.37708857862211076,-0.015873015873012264,-0.03494505494505473
1648844927.433546,0.37174792095826703,0.07936507936507553,-0.02967032967033001
1648844927.45442,0.3694590676737626,0.20634920634920206,-0.03230769230769237
1648844927.475298,0.36755168993667553,0.1428571428571388,-0.04021978021978034
1648844927.496172,0.3591592278934925,0.015873015873012264,-0.02703296703296676
1648844927.517048,0.3587777523460751,0.07936507936507553,-0.03230769230769237
1648844927.537924,0.35152971694514434,-0.49206349206349387,-0.021758241758241592
1648844927.558674,0.3488593881132225,-0.11111111111111427,-0.02043956043956019
1648844927.57967,0.3461890592813006,-0.015873015873012264,-0.024395604395604398
1648844927.600382,0.3404669260700395,0.6190476190476204,-0.009890109890109855
1648844927.621051,0.33894102388036984,0.5238095238095184,-0.01912087912087923
1648844927.641756,0.3336003662165261,0.015873015873012264,-0.015164835164835022
1648844927.662507,0.33093003738460425,0.3333333333333286,-0.01252747252747266
1648844927.683384,0.329785610742352,0.07936507936507553,-0.021758241758241592
1648844927.704261,0.32673380636301275,0.20634920634920206,-0.024395604395604398
1648844927.725133,0.321393148699169,0.3333333333333286,-0.01912087912087923
1648844927.746007,0.3210116731517516,0.1428571428571388,-0.02703296703296676
1648844927.766883,0.31872281986724715,0.015873015873012264,-0.03230769230769237
1648844927.787761,0.3122377355611512,0.1428571428571388,-0.021758241758241592
1648844927.808508,0.3114747844663164,0.07936507936507553,-0.028351648351648162
1648844927.829383,0.30956740672922933,-0.047619047619051,-0.03494505494505473
1648844927.85026,0.3076600289921423,0.1428571428571388,-0.03890109890109894
1648844927.871135,0.3000305180437941,0.20634920634920206,-0.02307692307692344
1648844927.892011,0.2996490424963767,0.20634920634920206,-0.02967032967033001
1648844927.912885,0.2908751049057763,-0.30158730158730407,-0.01252747252747266
1648844927.93376,0.2912565804531937,0.015873015873012264,-0.01648351648351687
1648844927.954635,0.28934920271610665,0.015873015873012264,-0.021758241758241592
1648844927.97551,0.2828641184100107,0.26984126984126533,-0.009890109890109855
1648844927.996387,0.2824826428625933,0.26984126984126533,-0.01384615384615362
1648844928.017262,0.28095674067292364,-0.047619047619051,-0.02043956043956019
1648844928.038139,0.27790493629358437,0.1428571428571388,-0.021758241758241592
1648844928.058886,0.27256427862974064,0.11111111111111427,-0.01648351648351687
1648844928.079888,0.27218280308232323,0.07936507936507553,-0.02043956043956019
1648844928.100642,0.2706569008926536,-0.047619047619051,-0.0257142857142858
1648844928.121513,0.26913099870298396,0.20634920634920206,-0.02967032967033001
1648844928.142388,0.2634088654917228,0.2380952380952408,-0.02043956043956019
1648844928.163265,0.2630273899443054,0.26984126984126533,-0.0257142857142858
1648844928.184014,0.26112001220721837,-0.047619047619051,-0.02967032967033001
1648844928.204889,0.25997558556496614,0.1428571428571388,-0.03494505494505473
1648844928.225764,0.2538719768062876,0.11111111111111427,-0.0257142857142858
1648844928.246639,0.2531090257114528,0.20634920634920206,-0.028351648351648162
1648844928.267515,0.25158312352178314,0.11111111111111427,-0.03230769230769237
1648844928.288391,0.2500572213321135,0.015873015873012264,-0.03626373626373658
1648844928.309264,0.24357213702601577,0.07936507936507553,-0.024395604395604398
1648844928.33014,0.24319066147859836,0.07936507936507553,-0.028351648351648162
1648844928.350889,0.2412832837415113,-0.015873015873012264,-0.02967032967033001
1648844928.371891,0.23861295490958945,0.11111111111111427,-0.02967032967033001
1648844928.392642,0.2328908216983283,0.3333333333333286,-0.017802197802197828
1648844928.413521,0.2328908216983283,0.11111111111111427,-0.021758241758241592
1648844928.434393,0.23098344396124126,0.1428571428571388,-0.02307692307692344
1648844928.455269,0.22678721293964976,-0.015873015873012264,-0.01912087912087923
1648844928.476142,0.22487983520256272,0.20634920634920206,-0.015164835164835022
1648844928.496893,0.22335393301289308,-0.047619047619051,-0.02043956043956019
1648844928.517636,0.22220950637064085,-0.015873015873012264,-0.0257142857142858
1648844928.538518,0.22144655527580603,0.015873015873012264,-0.030989010989010968
1648844928.559393,0.219539177538719,0.1428571428571388,-0.03494505494505473
1648844928.581018,0.21381704432745785,0.39682539682539186,-0.02043956043956019
1648844928.601894,0.21381704432745785,0.20634920634920206,-0.024395604395604398
1648844928.622798,0.21267261768520562,0.07936507936507553,-0.028351648351648162
1648844928.643644,0.2119096665903708,0.07936507936507553,-0.03494505494505473
1648844928.664519,0.20695048447394448,0.07936507936507553,-0.028351648351648162
1648844928.68527,0.20580605783169226,0.20634920634920206,-0.028351648351648162
1648844928.706013,0.20428015564202262,0.11111111111111427,-0.02967032967033001
1648844928.726894,0.2038986800946052,-0.11111111111111427,-0.03626373626373658
1648844928.74777,0.20275425345235298,-0.11111111111111427,-0.0415384615384613
1648844928.768648,0.20122835126268335,0.11111111111111427,-0.04549450549450551
1648844928.789522,0.1947432669565874,0.015873015873012264,-0.028351648351648162
1648844928.810397,0.1947432669565874,0.2380952380952408,-0.030989010989010968
1648844928.831272,0.19359884031433516,-0.11111111111111427,-0.03494505494505473
1648844928.852147,0.19321736476691775,-0.11111111111111427,-0.0415384615384613
1648844928.873022,0.19245441367208294,-0.047619047619051,-0.04681318681318691
1648844928.893898,0.1905470359349959,-0.047619047619051,-0.04813186813186787
1648844928.914649,0.18329900053406512,0.3333333333333286,-0.0257142857142858
1648844928.935523,0.18368047608148252,0.26984126984126533,-0.030989010989010968
1648844928.9564,0.1825360494392303,0.20634920634920206,-0.03362637362637333
1648844928.977274,0.18177309834439548,0.20634920634920206,-0.03890109890109894
1648844928.998149,0.17719539177538657,-0.17460317460317754,-0.028351648351648162
1648844929.019026,0.1749065384908821,-0.015873015873012264,-0.02307692307692344
1648844929.0399,0.17376211184862989,0.015873015873012264,-0.024395604395604398
1648844929.060774,0.17299916075379507,0.1428571428571388,-0.02967032967033001
1648844929.081651,0.17223620965896025,0.1428571428571388,-0.03230769230769237
1648844929.102528,0.16689555199511652,-0.2380952380952408,-0.02307692307692344
1648844929.123401,0.1657511253528643,-0.047619047619051,-0.01912087912087923
1648844929.144269,0.16498817425802947,-0.1428571428571388,-0.02307692307692344
1648844929.165151,0.16460669871061206,-0.015873015873012264,-0.028351648351648162
1648844929.185902,0.16384374761577725,-0.047619047619051,-0.03362637362637333
1648844929.206901,0.16308079652094243,0.015873015873012264,-0.03626373626373658
1648844929.22752,0.15964751659418575,-0.11111111111111427,-0.03230769230769237
1648844929.248402,0.15621423666742906,0.26984126984126533,-0.021758241758241592
1648844929.269276,0.15621423666742906,0.1428571428571388,-0.024395604395604398
1648844929.290152,0.15545128557259424,-0.11111111111111427,-0.02703296703296676
1648844929.311028,0.15468833447775943,-0.11111111111111427,-0.03494505494505473
1648844929.331902,0.1539253833829246,-0.015873015873012264,-0.03890109890109894
1648844929.352655,0.1531624322880898,-0.11111111111111427,-0.0415384615384613
1648844929.373529,0.15239948119325497,-0.015873015873012264,-0.04285714285714315
1648844929.394404,0.1497291523613331,0.015873015873012264,-0.03890109890109894
1648844929.41528,0.14667734798199383,0.26984126984126533,-0.030989010989010968
1648844929.436155,0.14591439688715901,0.11111111111111427,-0.03362637362637333
1648844929.457029,0.1451514457923242,-0.047619047619051,-0.03626373626373658
1648844929.477907,0.1447699702449068,0.015873015873012264,-0.0415384615384613
1648844929.498655,0.14438849469748938,-0.015873015873012264,-0.04549450549450551
1648844929.519654,0.14324406805523715,0.015873015873012264,-0.04813186813186787
1648844929.540407,0.1417181658655675,0.11111111111111427,-0.04813186813186787
1648844929.561408,0.13904783703364565,-0.047619047619051,-0.0415384615384613
1648844929.582157,0.137521934843976,0.015873015873012264,-0.03626373626373658
1648844929.603033,0.13637750820172378,-0.047619047619051,-0.03890109890109894
1648844929.623907,0.13561455710688897,-0.047619047619051,-0.0415384615384613
1648844929.644782,0.13523308155947156,-0.047619047619051,-0.04681318681318691
1648844929.665658,0.13447013046463674,-0.1428571428571388,-0.04945054945054972
1648844929.686533,0.13370717936980192,0.015873015873012264,-0.05076923076923068
1648844929.707409,0.1329442282749671,-0.015873015873012264,-0.05208791208791208
1648844929.728283,0.12684061951628856,-0.36507936507936734,-0.03758241758241754
1648844929.749157,0.12645914396887115,-0.015873015873012264,-0.03494505494505473
1648844929.770034,0.12569619287403633,-0.015873015873012264,-0.03758241758241754
1648844929.790909,0.12569619287403633,0.015873015873012264,-0.0415384615384613
1648844929.811784,0.12531471732661892,-0.047619047619051,-0.04549450549450551
1648844929.832661,0.12417029068436669,-0.015873015873012264,-0.04681318681318691
1648844929.85341,0.11997405966277519,-0.4285714285714306,-0.03362637362637333
1648844929.874285,0.11768520637827073,-0.17460317460317754,-0.02307692307692344
1648844929.895161,0.11654077973601851,-0.1428571428571388,-0.0257142857142858
1648844929.916035,0.1161593041886011,-0.015873015873012264,-0.02967032967033001
1648844929.936911,0.11577782864118369,-0.047619047619051,-0.03362637362637333
1648844929.957788,0.11539635309376628,-0.015873015873012264,-0.03626373626373658
1648844929.978536,0.11387045090409664,-0.047619047619051,-0.03626373626373658
1648844929.999537,0.11272602426184442,-0.015873015873012264,-0.03494505494505473
1648844930.020414,0.10929274433508773,-0.2380952380952408,-0.0257142857142858
1648844930.041164,0.10852979324025291,-0.11111111111111427,-0.02307692307692344
1648844930.062038,0.1077668421454181,-0.11111111111111427,-0.024395604395604398
1648844930.082912,0.10738536659800069,-0.047619047619051,-0.028351648351648162
1648844930.103787,0.10700389105058328,-0.015873015873012264,-0.030989010989010968
1648844930.124539,0.10662241550316587,-0.015873015873012264,-0.03362637362637333
1648844930.145414,0.10585946440833105,-0.047619047619051,-0.03494505494505473
1648844930.166289,0.10547798886091364,0.015873015873012264,-0.03890109890109894
1648844930.187032,0.10509651331349623,-0.015873015873012264,-0.04021978021978034
1648844930.207546,0.10433356221866141,-0.015873015873012264,-0.04285714285714315
1648844930.228164,0.10242618448157437,0.015873015873012264,-0.04021978021978034
1648844930.24892,0.10051880674448732,-0.1428571428571388,-0.03626373626373658
1648844930.269798,0.09899290455481768,0.015873015873012264,-0.03230769230769237
1648844930.290677,0.09861142900740028,-0.015873015873012264,-0.03230769230769237
1648844930.31155,0.09822995345998287,-0.11111111111111427,-0.03494505494505473
1648844930.332425,0.09784847791256546,-0.047619047619051,-0.03758241758241754
1648844930.353301,0.09708552681773064,-0.047619047619051,-0.0415384615384613
1648844930.374177,0.09670405127031323,0.015873015873012264,-0.0415384615384613
1648844930.39505,0.09632257572289582,-0.047619047619051,-0.04417582417582411
1648844930.415928,0.09594110017547841,-0.047619047619051,-0.04681318681318691
1648844930.436923,0.09517814908064359,-0.047619047619051,-0.04813186813186787
1648844930.457677,0.09441519798580877,0.07936507936507553,-0.04681318681318691
1648844930.478678,0.09250782024872173,-0.015873015873012264,-0.04417582417582411
1648844930.499558,0.09021896696421727,0.1428571428571388,-0.03626373626373658
1648844930.520303,0.08983749141679986,-0.015873015873012264,-0.03758241758241754
1648844930.541179,0.08945601586938245,0.07936507936507553,-0.04021978021978034
1648844930.562056,0.08907454032196505,-0.047619047619051,-0.04285714285714315
1648844930.582929,0.08869306477454764,0.015873015873012264,-0.04417582417582411
1648844930.603806,0.08831158922713023,-0.047619047619051,-0.04549450549450551
1648844930.62468,0.08793011367971282,0.015873015873012264,-0.04681318681318691
1648844930.645544,0.08754863813229541,-0.047619047619051,-0.05076923076923068
1648844930.666421,0.087167162584878,-0.015873015873012264,-0.05208791208791208
1648844930.687296,0.08640421149004318,0.015873015873012264,-0.05340659340659348
1648844930.708173,0.08602273594262577,-0.015873015873012264,-0.05472527472527444
1648844930.729051,0.08564126039520836,-0.015873015873012264,-0.05604395604395629
1648844930.749923,0.08487830930037354,0.015873015873012264,-0.05472527472527444
1648844930.770672,0.08182650492103427,-0.26984126984126533,-0.04681318681318691
1648844930.791672,0.08030060273136463,-0.015873015873012264,-0.03890109890109894
1648844930.812552,0.07953765163652982,-0.015873015873012264,-0.04021978021978034
1648844930.833422,0.0791561760891124,-0.015873015873012264,-0.04285714285714315
1648844930.854299,0.0791561760891124,-0.047619047619051,-0.04549450549450551
1648844930.875173,0.078774700541695,-0.015873015873012264,-0.04681318681318691
1648844930.896049,0.07801174944686018,0.07936507936507553,-0.04813186813186787
1648844930.916922,0.07801174944686018,-0.1428571428571388,-0.04945054945054972
1648844930.937799,0.07763027389944277,-0.015873015873012264,-0.05208791208791208
1648844930.958677,0.07724879835202536,-0.047619047619051,-0.05472527472527444
1648844930.97955,0.07686732280460795,-0.047619047619051,-0.05472527472527444
1648844931.000425,0.07648584725719054,-0.015873015873012264,-0.05736263736263725
1648844931.021301,0.07610437170977313,0.015873015873012264,-0.05736263736263725
1648844931.042175,0.07534142061493831,0.015873015873012264,-0.05736263736263725
1648844931.06309,0.07381551842526868,-0.047619047619051,-0.05472527472527444
1648844931.083968,0.07000076295109459,-0.2380952380952408,-0.0415384615384613
1648844931.104844,0.06961928740367718,-0.047619047619051,-0.03890109890109894
1648844931.125716,0.06885633630884236,-0.015873015873012264,-0.03890109890109894
1648844931.146709,0.06885633630884236,-0.015873015873012264,-0.0415384615384613
1648844931.167591,0.06885633630884236,-0.11111111111111427,-0.04285714285714315
1648844931.188313,0.06847486076142495,-0.015873015873012264,-0.04417582417582411
1648844931.209191,0.06771190966659013,-0.015873015873012264,-0.04549450549450551
1648844931.229686,0.06771190966659013,-0.015873015873012264,-0.04813186813186787
1648844931.250568,0.06733043411917272,0.015873015873012264,-0.04813186813186787
1648844931.271561,0.06694895857175531,-0.047619047619051,-0.04813186813186787
1648844931.292314,0.0665674830243379,-0.015873015873012264,-0.05076923076923068
1648844931.313188,0.0661860074769205,-0.015873015873012264,-0.05076923076923068
1648844931.334066,0.06580453192950309,-0.047619047619051,-0.05076923076923068
1648844931.35494,0.06427862973983345,-0.047619047619051,-0.04813186813186787
1648844931.375941,0.061608300907911584,-0.30158730158730407,-0.04021978021978034
1648844931.396817,0.05970092317082454,-0.047619047619051,-0.030989010989010968
1648844931.417566,0.05931944762340713,-0.11111111111111427,-0.030989010989010968
1648844931.43869,0.05931944762340713,-0.047619047619051,-0.03230769230769237
1648844931.459566,0.05931944762340713,-0.015873015873012264,-0.03626373626373658
1648844931.480312,0.05893797207598972,-0.015873015873012264,-0.03758241758241754
1648844931.50119,0.0581750209811549,-0.015873015873012264,-0.03758241758241754
1648844931.522066,0.0581750209811549,0.015873015873012264,-0.03890109890109894
1648844931.542939,0.0581750209811549,0.015873015873012264,-0.03890109890109894
1648844931.563925,0.05779354543373749,-0.015873015873012264,-0.0415384615384613
1648844931.584543,0.05741206988632008,-0.015873015873012264,-0.0415384615384613
1648844931.605194,0.057030594338902674,-0.015873015873012264,-0.04285714285714315
1648844931.625949,0.057030594338902674,-0.047619047619051,-0.04285714285714315
1648844931.646808,0.055886167696650446,-0.015873015873012264,-0.04285714285714315
1648844931.667683,0.05550469214923304,0.015873015873012264,-0.04285714285714315
1648844931.688558,0.05512321660181563,0.07936507936507553,-0.0415384615384613
1648844931.709434,0.0539787899595634,-0.11111111111111427,-0.04021978021978034
1648844931.730308,0.05054551003280672,0.015873015873012264,-0.02703296703296676
1648844931.751184,0.05054551003280672,-0.015873015873012264,-0.02703296703296676
1648844931.772061,0.05016403448538931,-0.015873015873012264,-0.028351648351648162
1648844931.792934,0.05016403448538931,-0.047619047619051,-0.02967032967033001
1648844931.813809,0.05016403448538931,-0.047619047619051,-0.030989010989010968
1648844931.834685,0.0497825589379719,-0.11111111111111427,-0.03230769230769237
1648844931.855303,0.04940108339055449,-0.015873015873012264,-0.03230769230769237
1648844931.876187,0.04940108339055449,-0.015873015873012264,-0.03494505494505473
1648844931.896934,0.04901960784313708,-0.047619047619051,-0.03626373626373658
1648844931.917938,0.04901960784313708,-0.015873015873012264,-0.03626373626373658
1648844931.938687,0.04901960784313708,-0.015873015873012264,-0.03758241758241754
1648844931.959561,0.04863813229571967,-0.015873015873012264,-0.03890109890109894
1648844931.980436,0.04863813229571967,-0.015873015873012264,-0.04021978021978034
1648844932.001438,0.04787518120088485,-0.047619047619051,-0.0415384615384613
1648844932.021939,0.04787518120088485,-0.047619047619051,-0.04285714285714315
1648844932.042816,0.04787518120088485,-0.047619047619051,-0.04285714285714315
1648844932.063689,0.047493705653467444,-0.015873015873012264,-0.04417582417582411
1648844932.084563,0.047493705653467444,-0.047619047619051,-0.04417582417582411
1648844932.105437,0.047112230106050035,0.015873015873012264,-0.04549450549450551
1648844932.126315,0.046730754558632626,-0.015873015873012264,-0.04681318681318691
1648844932.147189,0.046349279011215216,-0.11111111111111427,-0.04681318681318691
1648844932.168066,0.04596780346379781,0.015873015873012264,-0.04681318681318691
1648844932.18894,0.0455863279163804,0.015873015873012264,-0.04681318681318691
1648844932.20969,0.04520485236896299,0.07936507936507553,-0.04549450549450551
1648844932.230563,0.04444190127412817,-0.015873015873012264,-0.04549450549450551
1648844932.251439,0.042153047989623715,-0.2380952380952408,-0.03758241758241754
1648844932.272316,0.0413900968947889,-0.047619047619051,-0.03362637362637333
1648844932.293191,0.04100862134737149,0.015873015873012264,-0.03362637362637333
1648844932.313941,0.0413900968947889,-0.015873015873012264,-0.03362637362637333
1648844932.334944,0.04100862134737149,-0.015873015873012264,-0.03494505494505473
1648844932.355692,0.04062714579995408,0.015873015873012264,-0.03494505494505473
1648844932.376568,0.04024567025253667,0.015873015873012264,-0.03362637362637333
1648844932.397443,0.04024567025253667,0.015873015873012264,-0.03626373626373658
1648844932.418317,0.04024567025253667,-0.047619047619051,-0.03758241758241754
1648844932.439317,0.03986419470511926,-0.047619047619051,-0.03890109890109894
1648844932.460195,0.03948271915770185,-0.015873015873012264,-0.04021978021978034
1648844932.481067,0.03948271915770185,0.015873015873012264,-0.04021978021978034
1648844932.501945,0.03948271915770185,-0.015873015873012264,-0.04021978021978034
1648844932.522694,0.03948271915770185,-0.015873015873012264,-0.0415384615384613
1648844932.543694,0.03910124361028444,0.015873015873012264,-0.04285714285714315
1648844932.564572,0.03910124361028444,-0.015873015873012264,-0.04285714285714315
1648844932.585321,0.03871976806286703,-0.015873015873012264,-0.04417582417582411
1648844932.606062,0.03871976806286703,-0.015873015873012264,-0.04417582417582411
1648844932.62694,0.03871976806286703,0.015873015873012264,-0.04549450549450551
1648844932.647947,0.03833829251544962,-0.015873015873012264,-0.04681318681318691
1648844932.668695,0.03833829251544962,0.015873015873012264,-0.04813186813186787
1648844932.68957,0.037956816968032214,0.015873015873012264,-0.04813186813186787
1648844932.710447,0.03833829251544962,0.07936507936507553,-0.04813186813186787
1648844932.731192,0.037956816968032214,-0.015873015873012264,-0.05076923076923068
1648844932.752072,0.037956816968032214,-0.015873015873012264,-0.05076923076923068
1648844932.772947,0.037575341420614805,-0.015873015873012264,-0.05076923076923068
1648844932.793822,0.037575341420614805,0.015873015873012264,-0.05208791208791208
1648844932.814697,0.037193865873197396,-0.015873015873012264,-0.05208791208791208
1648844932.835572,0.037193865873197396,-0.015873015873012264,-0.05340659340659348
1648844932.85645,0.03681239032577999,-0.015873015873012264,-0.05340659340659348
1648844932.8772,0.03681239032577999,0.07936507936507553,-0.05208791208791208
1648844932.898075,0.03643091477836258,-0.047619047619051,-0.05340659340659348
1648844932.918947,0.03604943923094517,-0.015873015873012264,-0.05472527472527444
1648844932.939952,0.03604943923094517,0.015873015873012264,-0.05472527472527444
1648844932.960704,0.03566796368352776,-0.047619047619051,-0.05472527472527444
1648844932.981574,0.03566796368352776,-0.015873015873012264,-0.05604395604395629
1648844933.002577,0.03566796368352776,-0.015873015873012264,-0.05472527472527444
1648844933.023325,0.03452353704127553,-0.11111111111111427,-0.05340659340659348
1648844933.0442,0.033379110399023304,-0.11111111111111427,-0.04945054945054972
1648844933.065079,0.032234683756771076,-0.015873015873012264,-0.04285714285714315
1648844933.085953,0.03185320820935367,-0.015873015873012264,-0.04285714285714315
1648844933.106701,0.03185320820935367,-0.047619047619051,-0.04285714285714315
1648844933.127701,0.03185320820935367,0.015873015873012264,-0.04417582417582411
1648844933.148579,0.03109025711451885,-0.11111111111111427,-0.04417582417582411
1648844933.169452,0.03147173266193626,0.015873015873012264,-0.04285714285714315
1648844933.190328,0.03109025711451885,-0.015873015873012264,-0.04417582417582411
1648844933.211205,0.03109025711451885,-0.015873015873012264,-0.04549450549450551
1648844933.23208,0.03070878156710144,-0.015873015873012264,-0.04549450549450551
1648844933.252953,0.03070878156710144,-0.015873015873012264,-0.04549450549450551
1648844933.273705,0.03070878156710144,-0.015873015873012264,-0.04681318681318691
1648844933.294576,0.03070878156710144,-0.047619047619051,-0.04681318681318691
1648844933.315454,0.03032730601968403,-0.015873015873012264,-0.04681318681318691
1648844933.336328,0.03032730601968403,-0.015873015873012264,-0.04681318681318691
1648844933.357204,0.02994583047226662,-0.015873015873012264,-0.04813186813186787
1648844933.378079,0.02994583047226662,0.015873015873012264,-0.04945054945054972
1648844933.398954,0.02994583047226662,-0.015873015873012264,-0.04945054945054972
1648844933.419831,0.02994583047226662,-0.015873015873012264,-0.04813186813186787
1648844933.440448,0.029564354924849212,-0.047619047619051,-0.05076923076923068
1648844933.461331,0.029564354924849212,0.015873015873012264,-0.04945054945054972
1648844933.482206,0.029564354924849212,-0.015873015873012264,-0.05076923076923068
1648844933.502955,0.029564354924849212,0.015873015873012264,-0.05076923076923068
1648844933.523957,0.029182879377431803,-0.015873015873012264,-0.05208791208791208
1648844933.544706,0.029182879377431803,-0.047619047619051,-0.05340659340659348
1648844933.565582,0.029182879377431803,-0.015873015873012264,-0.05340659340659348
1648844933.586456,0.029182879377431803,-0.015873015873012264,-0.05340659340659348
1648844933.607333,0.028801403830014394,-0.015873015873012264,-0.05340659340659348
1648844933.628207,0.028801403830014394,-0.015873015873012264,-0.05472527472527444
1648844933.649209,0.028801403830014394,-0.015873015873012264,-0.05472527472527444
1648844933.669829,0.028801403830014394,0.07936507936507553,-0.05472527472527444
1648844933.690709,0.028419928282596985,-0.015873015873012264,-0.05604395604395629
1648844933.711584,0.028419928282596985,-0.015873015873012264,-0.05604395604395629
1648844933.732579,0.028419928282596985,0.015873015873012264,-0.05604395604395629
1648844933.753335,0.028419928282596985,-0.047619047619051,-0.05736263736263725
1648844933.774211,0.028038452735179575,-0.015873015873012264,-0.05736263736263725
1648844933.795086,0.028038452735179575,-0.015873015873012264,-0.05736263736263725
1648844933.815961,0.028038452735179575,0.015873015873012264,-0.05868131868131865
1648844933.836962,0.027656977187762166,-0.015873015873012264,-0.05868131868131865
1648844933.857711,0.027656977187762166,0.015873015873012264,-0.05868131868131865
1648844933.878587,0.027656977187762166,-0.047619047619051,-0.06000000000000005
1648844933.899588,0.027656977187762166,-0.015873015873012264,-0.06000000000000005
1648844933.920337,0.027275501640344757,-0.015873015873012264,-0.06000000000000005
1648844933.941211,0.027275501640344757,-0.047619047619051,-0.06000000000000005
1648844933.962086,0.027275501640344757,0.015873015873012264,-0.06000000000000005
1648844933.98296,0.026894026092927348,-0.015873015873012264,-0.06131868131868101
1648844934.003963,0.026894026092927348,-0.015873015873012264,-0.06000000000000005
1648844934.024839,0.026894026092927348,-0.015873015873012264,-0.06131868131868101
1648844934.045588,0.026894026092927348,-0.015873015873012264,-0.06131868131868101
1648844934.066462,0.02651255054550994,-0.015873015873012264,-0.06131868131868101
1648844934.08734,0.02651255054550994,-0.11111111111111427,-0.06131868131868101
1648844934.108214,0.02651255054550994,-0.047619047619051,-0.06131868131868101
1648844934.129088,0.02613107499809253,-0.047619047619051,-0.06263736263736286
1648844934.149965,0.02613107499809253,-0.015873015873012264,-0.06263736263736286
1648844934.170715,0.02574959945067512,-0.047619047619051,-0.06263736263736286
1648844934.191715,0.02613107499809253,0.015873015873012264,-0.06131868131868101
1648844934.212591,0.02574959945067512,-0.11111111111111427,-0.06131868131868101
1648844934.233339,0.02574959945067512,-0.047619047619051,-0.06263736263736286
1648844934.254215,0.02536812390325771,-0.047619047619051,-0.06131868131868101
1648844934.275092,0.02536812390325771,-0.015873015873012264,-0.06263736263736286
1648844934.295965,0.024605172808422893,-0.047619047619051,-0.06000000000000005
1648844934.316841,0.024223697261005483,-0.11111111111111427,-0.05736263736263725
1648844934.337716,0.023460746166170665,-0.047619047619051,-0.05472527472527444
1648844934.358592,0.02193484397650103,-0.047619047619051,-0.04945054945054972
1648844934.379468,0.02193484397650103,-0.11111111111111427,-0.04945054945054972
1648844934.400217,0.02193484397650103,0.015873015873012264,-0.04813186813186787
1648844934.421093,0.02193484397650103,-0.047619047619051,-0.04945054945054972
1648844934.441968,0.02193484397650103,-0.047619047619051,-0.04945054945054972
1648844934.462848,0.02155336842908362,-0.047619047619051,-0.04945054945054972
1648844934.483717,0.02155336842908362,-0.015873015873012264,-0.04945054945054972
1648844934.504593,0.02155336842908362,-0.015873015873012264,-0.05076923076923068
1648844934.525474,0.02155336842908362,0.015873015873012264,-0.04945054945054972
1648844934.546345,0.02117189288166621,-0.015873015873012264,-0.05076923076923068
1648844934.567221,0.02117189288166621,0.015873015873012264,-0.05076923076923068
1648844934.588096,0.02117189288166621,-0.11111111111111427,-0.04945054945054972
1648844934.608971,0.02117189288166621,-0.015873015873012264,-0.05076923076923068
1648844934.629721,0.02117189288166621,-0.11111111111111427,-0.05076923076923068
1648844934.650464,0.0207904173342488,-0.015873015873012264,-0.05076923076923068
1648844934.671345,0.0207904173342488,-0.047619047619051,-0.05208791208791208
1648844934.692097,0.0207904173342488,-0.015873015873012264,-0.05076923076923068
1648844934.71297,0.0207904173342488,-0.015873015873012264,-0.05076923076923068
1648844934.733845,0.0207904173342488,0.015873015873012264,-0.05208791208791208
1648844934.754722,0.02040894178683139,0.015873015873012264,-0.05208791208791208
1648844934.775595,0.02040894178683139,-0.047619047619051,-0.05208791208791208
1648844934.796471,0.02040894178683139,-0.015873015873012264,-0.05208791208791208
1648844934.817347,0.02040894178683139,-0.11111111111111427,-0.05340659340659348
1648844934.838222,0.02040894178683139,-0.047619047619051,-0.05340659340659348
1648844934.859099,0.02040894178683139,0.015873015873012264,-0.05340659340659348
1648844934.879973,0.02040894178683139,-0.047619047619051,-0.05340659340659348
1648844934.90085,0.020027466239413982,-0.015873015873012264,-0.05472527472527444
