Timestamp,POS,VEL,Torq
1648844857.04012,0.8611810482948048,-0.015873015873012264,-0.0006593406593404794
1648844857.060991,0.8508812085145347,0.6507936507936449,0.0006593406593404794
1648844857.082489,0.8447775997558562,-0.047619047619051,-0.007252747252747049
1648844857.103368,0.8432516975661866,0.11111111111111427,-0.021758241758241592
1648844857.124243,0.8333333333333339,-0.047619047619051,-0.0257142857142858
1648844857.144863,0.8291371023117424,-0.1428571428571388,-0.03230769230769237
1648844857.165743,0.8138780804150461,-0.6507936507936449,-0.01912087912087923
1648844857.186619,0.803578240634776,-0.49206349206349387,-0.01252747252747266
1648844857.207493,0.8012893873502716,-0.17460317460317754,-0.021758241758241592
1648844857.228369,0.7913710231174189,0.39682539682539186,-0.017802197802197828
1648844857.249245,0.7841229877164881,0.20634920634920206,-0.02703296703296676
1648844857.270112,0.7829785610742359,-0.015873015873012264,-0.03890109890109894
1648844857.290994,0.771915770199131,0.07936507936507553,-0.03230769230769237
1648844857.311996,0.761615930418861,-0.36507936507936734,-0.0257142857142858
1648844857.33287,0.7528419928282606,-0.015873015873012264,-0.01912087912087923
1648844857.353621,0.7440680552376584,0.2380952380952408,-0.017802197802197828
1648844857.374496,0.7383459220263973,-0.6190476190476204,-0.02307692307692344
1648844857.395497,0.7360570687418928,-0.17460317460317754,-0.030989010989010968
1648844857.416371,0.7265201800564576,0.11111111111111427,-0.030989010989010968
1648844857.437248,0.7230869001297009,0.07936507936507553,-0.03758241758241754
1648844857.457996,0.7143129625391005,0.1428571428571388,-0.03758241758241754
1648844857.478996,0.7082093537804219,-0.7460317460317469,-0.03890109890109894
1648844857.499873,0.7040131227588304,-0.11111111111111427,-0.0415384615384613
1648844857.520748,0.6876096742198818,-0.015873015873012264,-0.024395604395604398
1648844857.541749,0.6845578698405426,0.07936507936507553,-0.028351648351648162
1648844857.562622,0.6761654077973596,-0.17460317460317754,-0.030989010989010968
1648844857.583499,0.6746395056076899,-0.015873015873012264,-0.03758241758241754
1648844857.604374,0.6673914702067592,0.20634920634920206,-0.03890109890109894
1648844857.62525,0.6624322880903328,-0.39682539682539186,-0.04285714285714315
1648844857.645992,0.6582360570687413,-0.015873015873012264,-0.04417582417582411
1648844857.666484,0.6486991683833061,-0.49206349206349387,-0.04417582417582411
1648844857.687114,0.644884412909132,-0.2380952380952408,-0.04417582417582411
1648844857.708006,0.6330586709391923,-0.2380952380952408,-0.02967032967033001
1648844857.728885,0.6296253910124356,0.1428571428571388,-0.03230769230769237
1648844857.749647,0.6231403067063397,-0.49206349206349387,-0.03758241758241754
1648844857.770384,0.617799649042496,0.5238095238095184,-0.03626373626373658
1648844857.791388,0.6116960402838174,-0.49206349206349387,-0.04285714285714315
1648844857.812271,0.6086442359044781,0.07936507936507553,-0.04417582417582411
1648844857.83301,0.5998702983138777,-0.2380952380952408,-0.04549450549450551
1648844857.854012,0.5979629205767907,0.07936507936507553,-0.05076923076923068
1648844857.874885,0.5891889829861903,-0.5238095238095184,-0.04813186813186787
1648844857.895764,0.5792706187533376,-0.4285714285714306,-0.03758241758241754
1648844857.91664,0.577744716563668,-0.1428571428571388,-0.04285714285714315
1648844857.937511,0.5689707789730676,0.39682539682539186,-0.03362637362637333
1648844857.957996,0.5624856946669716,-0.30158730158730407,-0.03626373626373658
1648844857.97849,0.560959792477302,-0.11111111111111427,-0.04285714285714315
1648844857.999125,0.5552376592660409,-0.36507936507936734,-0.0415384615384613
1648844858.020003,0.5518043793392842,0.015873015873012264,-0.04417582417582411
1648844858.040879,0.5445563439383534,-0.39682539682539186,-0.04285714285714315
1648844858.061755,0.5411230640115967,0.07936507936507553,-0.04417582417582411
1648844858.08263,0.5346379797055008,-0.6825396825396837,-0.04417582417582411
1648844858.103506,0.5270084687571526,-0.2380952380952408,-0.03626373626373658
1648844858.124507,0.5216678110933088,0.11111111111111427,-0.03362637362637333
1648844858.145256,0.5128938735027084,-0.17460317460317754,-0.03362637362637333
1648844858.166257,0.5117494468604562,0.11111111111111427,-0.03626373626373658
1648844858.187005,0.5102235446707866,-0.015873015873012264,-0.04549450549450551
1648844858.208008,0.5014496070801862,0.3333333333333286,-0.0415384615384613
1648844858.228882,0.5003051804379339,-0.015873015873012264,-0.04681318681318691
1648844858.249757,0.4919127183947509,-0.015873015873012264,-0.04417582417582411
1648844858.270634,0.4915312428473335,0.11111111111111427,-0.04813186813186787
1648844858.291507,0.48428320744640274,-0.6190476190476204,-0.04681318681318691
1648844858.312382,0.4827573052567331,-0.015873015873012264,-0.04945054945054972
1648844858.333258,0.47589074540321974,-0.6825396825396837,-0.04549450549450551
1648844858.354134,0.46330205233844524,-0.1428571428571388,-0.02703296703296676
1648844858.375007,0.4613946746013582,-0.015873015873012264,-0.02967032967033001
1648844858.395627,0.4541466392004274,0.36507936507936734,-0.02307692307692344
1648844858.416256,0.4541466392004274,0.2380952380952408,-0.030989010989010968
1648844858.437132,0.45147631036850555,0.015873015873012264,-0.03890109890109894
1648844858.45801,0.4449912260624096,0.1428571428571388,-0.03626373626373658
1648844858.479012,0.4411764705882355,-0.1428571428571388,-0.03626373626373658
1648844858.499885,0.436980239566644,0.20634920634920206,-0.03362637362637333
1648844858.52076,0.43545433737697437,0.015873015873012264,-0.0415384615384613
1648844858.541636,0.43392843518730473,0.07936507936507553,-0.04945054945054972
1648844858.56251,0.42706187533379136,-0.6507936507936449,-0.04681318681318691
1648844858.583386,0.4243915465018695,-0.047619047619051,-0.04681318681318691
1648844858.604261,0.41790646219577354,-0.7460317460317469,-0.04021978021978034
1648844858.625262,0.4045548180361642,0.07936507936507553,-0.017802197802197828
1648844858.646012,0.40493629358358163,0.07936507936507553,-0.024395604395604398
1648844858.667011,0.3961623559929812,-0.30158730158730407,-0.01912087912087923
1648844858.687759,0.39654383154039863,0.11111111111111427,-0.02307692307692344
1648844858.708386,0.3953994048981464,-0.047619047619051,-0.030989010989010968
1648844858.72938,0.386625467307546,0.11111111111111427,-0.024395604395604398
1648844858.750263,0.386625467307546,0.11111111111111427,-0.028351648351648162
1648844858.771139,0.3839551384756241,-0.11111111111111427,-0.03230769230769237
1648844858.792418,0.3786144808117804,0.3333333333333286,-0.02703296703296676
1648844858.813303,0.3778515297169456,0.015873015873012264,-0.03362637362637333
1648844858.834296,0.3755626764324411,-0.11111111111111427,-0.03890109890109894
1648844858.855184,0.36793316548409294,-0.015873015873012264,-0.03494505494505473
1648844858.876055,0.36831464103151035,-0.015873015873012264,-0.03890109890109894
1648844858.897054,0.3660257877470059,-0.047619047619051,-0.04285714285714315
1648844858.917806,0.3576333257038229,0.07936507936507553,-0.03626373626373658
1648844858.939056,0.3568703746089881,0.015873015873012264,-0.03890109890109894
1648844858.960308,0.3492408636606399,-0.904761904761898,-0.028351648351648162
1648844858.981006,0.33932249942778725,-0.015873015873012264,-0.011208791208791258
1648844859.001801,0.33932249942778725,-0.047619047619051,-0.015164835164835022
1648844859.022651,0.3374151216907002,0.015873015873012264,-0.01912087912087923
1648844859.043682,0.336270695048448,0.07936507936507553,-0.0257142857142858
1648844859.064556,0.33169298847943907,-0.047619047619051,-0.0257142857142858
1648844859.08556,0.3294041351949346,-0.015873015873012264,-0.0257142857142858
1648844859.106313,0.3248264286259257,-0.17460317460317754,-0.02307692307692344
1648844859.127184,0.321393148699169,0.20634920634920206,-0.01912087912087923
1648844859.148058,0.3206301976043342,-0.11111111111111427,-0.02703296703296676
1648844859.169062,0.3198672465094994,-0.047619047619051,-0.03362637362637333
1648844859.189809,0.31834134431982974,-0.015873015873012264,-0.03890109890109894
1648844859.21081,0.31033035782406415,-0.1428571428571388,-0.03230769230769237
1648844859.231681,0.31033035782406415,-0.015873015873012264,-0.03230769230769237
1648844859.252558,0.3088044556343945,0.015873015873012264,-0.03758241758241754
1648844859.273433,0.30689707789730747,0.07936507936507553,-0.0415384615384613
1648844859.294311,0.3000305180437941,-0.36507936507936734,-0.03626373626373658
1648844859.315184,0.2988860914015419,-0.11111111111111427,-0.03494505494505473
1648844859.33606,0.2908751049057763,-0.904761904761898,-0.024395604395604398
1648844859.35676,0.2832455939574281,-0.047619047619051,-0.008571428571428452
1648844859.377686,0.2828641184100107,-0.015873015873012264,-0.01252747252747266
1648844859.398562,0.28171969176775846,-0.015873015873012264,-0.01648351648351687
1648844859.419436,0.28095674067292364,-0.015873015873012264,-0.02307692307692344
1648844859.440312,0.2801937895780888,-0.11111111111111427,-0.028351648351648162
1648844859.46119,0.27637903410391473,-0.30158730158730407,-0.02703296703296676
1648844859.482062,0.2718013275349058,0.20634920634920206,-0.017802197802197828
1648844859.502937,0.271038376440071,0.015873015873012264,-0.024395604395604398
1648844859.523811,0.26913099870298396,0.015873015873012264,-0.02703296703296676
1648844859.544688,0.26798657206073173,0.015873015873012264,-0.03362637362637333
1648844859.565563,0.2634088654917228,-0.26984126984126533,-0.02967032967033001
1648844859.586441,0.2615014877546358,-0.047619047619051,-0.02967032967033001
1648844859.607316,0.26073853665980096,-0.047619047619051,-0.03362637362637333
1648844859.628188,0.2584496833752965,0.07936507936507553,-0.03494505494505473
1648844859.649191,0.25692378118562686,-0.1428571428571388,-0.03758241758241754
1648844859.670065,0.25272755016403536,0.1428571428571388,-0.030989010989010968
1648844859.690943,0.25158312352178314,-0.015873015873012264,-0.03494505494505473
1648844859.711816,0.24967574578469431,0.07936507936507553,-0.03758241758241754
1648844859.732694,0.24700541695277245,-0.1428571428571388,-0.03758241758241754
1648844859.753564,0.24280918593118095,0.1428571428571388,-0.02967032967033001
1648844859.774566,0.24204623483634613,-0.047619047619051,-0.03362637362637333
1648844859.795443,0.23785000381475463,-0.2380952380952408,-0.02967032967033001
1648844859.816314,0.2328908216983283,0.20634920634920206,-0.02043956043956019
1648844859.837193,0.2321278706034935,-0.047619047619051,-0.024395604395604398
1648844859.858067,0.23022049286640645,-0.015873015873012264,-0.028351648351648162
1648844859.878941,0.22945754177157163,0.015873015873012264,-0.030989010989010968
1648844859.899943,0.22259098191805826,-0.1428571428571388,-0.024395604395604398
1648844859.920692,0.22259098191805826,0.07936507936507553,-0.024395604395604398
1648844859.941568,0.22144655527580603,0.015873015873012264,-0.02703296703296676
1648844859.963316,0.22068360418097122,0.07936507936507553,-0.02967032967033001
1648844859.984156,0.2199206530861364,0.015873015873012264,-0.03362637362637333
1648844860.005032,0.2157244220645449,-0.36507936507936734,-0.030989010989010968
1648844860.025904,0.21305409323262303,-0.015873015873012264,-0.02703296703296676
1648844860.046793,0.2122911421377882,-0.015873015873012264,-0.030989010989010968
1648844860.067781,0.21114671549553599,0.11111111111111427,-0.03362637362637333
1648844860.088531,0.21076523994811858,0.015873015873012264,-0.03758241758241754
1648844860.109405,0.20885786221103153,-0.015873015873012264,-0.04021978021978034
1648844860.130282,0.2038986800946052,0.2380952380952408,-0.030989010989010968
1648844860.151279,0.2038986800946052,0.015873015873012264,-0.03362637362637333
1648844860.172157,0.20275425345235298,-0.015873015873012264,-0.03758241758241754
1648844860.193033,0.20237277790493557,-0.047619047619051,-0.04285714285714315
1648844860.213909,0.20160982681010076,0.015873015873012264,-0.04681318681318691
1648844860.234797,0.1993209735255963,-0.11111111111111427,-0.04549450549450551
1648844860.255659,0.19398031586175257,0.3333333333333286,-0.03362637362637333
1648844860.276534,0.19359884031433516,-0.015873015873012264,-0.03758241758241754
1648844860.297534,0.19283588921950034,-0.015873015873012264,-0.04021978021978034
1648844860.318284,0.19245441367208294,-0.015873015873012264,-0.04549450549450551
1648844860.339284,0.19207293812466553,-0.015873015873012264,-0.04945054945054972
1648844860.360172,0.18825818265049143,-0.26984126984126533,-0.04417582417582411
1648844860.381037,0.1829175249866477,0.26984126984126533,-0.030989010989010968
1648844860.401911,0.1821545738918129,0.07936507936507553,-0.03494505494505473
1648844860.422792,0.17757686732280398,-0.30158730158730407,-0.028351648351648162
1648844860.443661,0.17528801403829952,-0.047619047619051,-0.02307692307692344
1648844860.464535,0.1745250629434647,-0.015873015873012264,-0.02703296703296676
1648844860.485536,0.17299916075379507,0.07936507936507553,-0.028351648351648162
1648844860.50641,0.17223620965896025,-0.015873015873012264,-0.030989010989010968
1648844860.527286,0.1707103074692906,0.015873015873012264,-0.03230769230769237
1648844860.548164,0.16727702754253393,-0.4285714285714306,-0.02703296703296676
1648844860.569037,0.16498817425802947,-0.015873015873012264,-0.024395604395604398
1648844860.589913,0.16422522316319466,0.015873015873012264,-0.02703296703296676
1648844860.610661,0.16384374761577725,0.015873015873012264,-0.02967032967033001
1648844860.631664,0.16346227206835984,-0.047619047619051,-0.03362637362637333
1648844860.652538,0.16308079652094243,0.015873015873012264,-0.03626373626373658
1648844860.673539,0.1615548943312728,-0.047619047619051,-0.03758241758241754
1648844860.694414,0.15621423666742906,-0.4285714285714306,-0.030989010989010968
1648844860.715288,0.15506981002517684,-0.11111111111111427,-0.02703296703296676
1648844860.736163,0.15468833447775943,-0.047619047619051,-0.030989010989010968
1648844860.757038,0.15468833447775943,0.07936507936507553,-0.03362637362637333
1648844860.777913,0.15430685893034202,-0.047619047619051,-0.03626373626373658
1648844860.79879,0.1539253833829246,-0.015873015873012264,-0.04021978021978034
1648844860.819789,0.15278095674067238,-0.015873015873012264,-0.0415384615384613
1648844860.840664,0.15201800564583756,-0.015873015873012264,-0.04285714285714315
1648844860.86154,0.15049210345616792,-0.11111111111111427,-0.04285714285714315
1648844860.882416,0.14667734798199383,-0.30158730158730407,-0.03890109890109894
1648844860.903292,0.1455329213397416,-0.047619047619051,-0.03626373626373658
1648844860.924292,0.1451514457923242,-0.047619047619051,-0.03890109890109894
1648844860.945167,0.1447699702449068,-0.015873015873012264,-0.04021978021978034
1648844860.966041,0.14438849469748938,-0.015873015873012264,-0.04417582417582411
1648844860.986916,0.14400701915007197,-0.015873015873012264,-0.04681318681318691
1648844861.007792,0.14324406805523715,0.07936507936507553,-0.04813186813186787
1648844861.028668,0.14248111696040233,-0.015873015873012264,-0.05076923076923068
1648844861.049669,0.1417181658655675,-0.11111111111111427,-0.05340659340659348
1648844861.070542,0.13828488593881083,-0.39682539682539186,-0.04549450549450551
1648844861.091418,0.13599603265430638,-0.047619047619051,-0.04021978021978034
1648844861.112419,0.13523308155947156,-0.11111111111111427,-0.04417582417582411
1648844861.133298,0.13485160601205415,-0.047619047619051,-0.04549450549450551
1648844861.15367,0.13485160601205415,-0.015873015873012264,-0.04813186813186787
1648844861.174417,0.13447013046463674,-0.015873015873012264,-0.05076923076923068
1648844861.195421,0.1333257038223845,-0.11111111111111427,-0.05340659340659348
1648844861.216294,0.13218127718013228,0.07936507936507553,-0.05340659340659348
1648844861.23717,0.1287479972533756,-0.4285714285714306,-0.04549450549450551
1648844861.258045,0.12569619287403633,0.015873015873012264,-0.03758241758241754
1648844861.279046,0.12493324177920151,-0.11111111111111427,-0.04021978021978034
1648844861.299922,0.12417029068436669,-0.015873015873012264,-0.0415384615384613
1648844861.320797,0.12417029068436669,0.07936507936507553,-0.04417582417582411
1648844861.341794,0.12340733958953187,0.015873015873012264,-0.04549450549450551
1648844861.362674,0.11921110856794037,-0.5555555555555571,-0.03626373626373658
1648844861.383673,0.11577782864118369,-0.11111111111111427,-0.02703296703296676
1648844861.404548,0.11501487754634887,-0.1428571428571388,-0.02967032967033001
1648844861.425422,0.11463340199893146,0.015873015873012264,-0.030989010989010968
1648844861.446299,0.11463340199893146,-0.015873015873012264,-0.03626373626373658
1648844861.467041,0.11425192645151405,-0.047619047619051,-0.03758241758241754
1648844861.487923,0.112344548714427,-0.11111111111111427,-0.03626373626373658
1648844861.5088,0.10700389105058328,0.2380952380952408,-0.024395604395604398
1648844861.529675,0.10700389105058328,-0.047619047619051,-0.024395604395604398
1648844861.550548,0.10662241550316587,-0.11111111111111427,-0.02703296703296676
1648844861.571426,0.10662241550316587,0.015873015873012264,-0.030989010989010968
1648844861.592301,0.10662241550316587,-0.015873015873012264,-0.03230769230769237
1648844861.613175,0.10624093995574846,-0.1428571428571388,-0.03494505494505473
1648844861.63405,0.10547798886091364,-0.015873015873012264,-0.03626373626373658
1648844861.65505,0.10547798886091364,-0.047619047619051,-0.03758241758241754
1648844861.675925,0.10509651331349623,-0.015873015873012264,-0.04021978021978034
1648844861.6968,0.10471503776607882,-0.015873015873012264,-0.0415384615384613
1648844861.717675,0.103952086671244,-0.11111111111111427,-0.04285714285714315
1648844861.73855,0.10090028229190473,-0.26984126984126533,-0.03758241758241754
1648844861.759551,0.09899290455481768,0.015873015873012264,-0.030989010989010968
1648844861.780426,0.09861142900740028,-0.11111111111111427,-0.03362637362637333
1648844861.801303,0.09784847791256546,-0.047619047619051,-0.03494505494505473
1648844861.822179,0.09784847791256546,-0.047619047619051,-0.03626373626373658
1648844861.843053,0.09746700236514805,-0.015873015873012264,-0.03890109890109894
1648844861.864055,0.09708552681773064,-0.047619047619051,-0.04021978021978034
1648844861.884927,0.09670405127031323,-0.11111111111111427,-0.0415384615384613
1648844861.905802,0.09670405127031323,-0.015873015873012264,-0.04417582417582411
1648844861.926676,0.09632257572289582,-0.047619047619051,-0.04549450549450551
1648844861.947557,0.09594110017547841,-0.015873015873012264,-0.04549450549450551
1648844861.968429,0.095559624628061,-0.015873015873012264,-0.04681318681318691
1648844861.989306,0.09517814908064359,-0.015873015873012264,-0.04813186813186787
1648844862.010179,0.09441519798580877,0.015873015873012264,-0.04813186813186787
1648844862.031055,0.09212634470130432,-0.1428571428571388,-0.04549450549450551
1648844862.052056,0.08983749141679986,0.015873015873012264,-0.03890109890109894
1648844862.072807,0.08907454032196505,-0.015873015873012264,-0.0415384615384613
1648844862.093682,0.08869306477454764,-0.015873015873012264,-0.0415384615384613
1648844862.114681,0.08869306477454764,0.015873015873012264,-0.04285714285714315
1648844862.135683,0.08869306477454764,-0.015873015873012264,-0.04549450549450551
1648844862.156298,0.08831158922713023,0.015873015873012264,-0.04549450549450551
1648844862.177183,0.08793011367971282,-0.047619047619051,-0.04813186813186787
1648844862.198058,0.08754863813229541,0.015873015873012264,-0.04945054945054972
1648844862.219059,0.08754863813229541,-0.015873015873012264,-0.04945054945054972
1648844862.239935,0.087167162584878,0.015873015873012264,-0.05208791208791208
1648844862.260809,0.08678568703746059,-0.015873015873012264,-0.05340659340659348
1648844862.281683,0.08640421149004318,-0.015873015873012264,-0.05472527472527444
1648844862.302558,0.08640421149004318,-0.047619047619051,-0.05472527472527444
1648844862.323433,0.08564126039520836,-0.047619047619051,-0.05604395604395629
1648844862.344553,0.08525978484779095,-0.015873015873012264,-0.05736263736263725
1648844862.365435,0.08411535820553873,-0.11111111111111427,-0.05604395604395629
1648844862.386436,0.078774700541695,-0.26984126984126533,-0.04681318681318691
1648844862.407312,0.078774700541695,0.07936507936507553,-0.04417582417582411
1648844862.428187,0.078774700541695,0.015873015873012264,-0.04417582417582411
1648844862.449061,0.07839322499427759,-0.015873015873012264,-0.04681318681318691
1648844862.470062,0.07839322499427759,0.015873015873012264,-0.04813186813186787
1648844862.490808,0.07839322499427759,-0.015873015873012264,-0.04945054945054972
1648844862.511812,0.07801174944686018,0.07936507936507553,-0.05076923076923068
1648844862.532812,0.07763027389944277,-0.015873015873012264,-0.05208791208791208
1648844862.553561,0.07763027389944277,-0.015873015873012264,-0.05340659340659348
1648844862.574439,0.07763027389944277,-0.015873015873012264,-0.05340659340659348
1648844862.595437,0.07724879835202536,-0.047619047619051,-0.05604395604395629
1648844862.616315,0.07686732280460795,-0.047619047619051,-0.05736263736263725
1648844862.637203,0.07648584725719054,-0.015873015873012264,-0.05736263736263725
1648844862.65755,0.07610437170977313,-0.015873015873012264,-0.05868131868131865
1648844862.678057,0.07610437170977313,-0.047619047619051,-0.05868131868131865
1648844862.698933,0.07534142061493831,-0.17460317460317754,-0.06000000000000005
1648844862.719939,0.0749599450675209,-0.015873015873012264,-0.06000000000000005
1648844862.740814,0.07152666514076422,-0.4285714285714306,-0.05076923076923068
1648844862.761689,0.06809338521400754,-0.047619047619051,-0.0415384615384613
1648844862.782564,0.06771190966659013,-0.1428571428571388,-0.04285714285714315
1648844862.803315,0.06771190966659013,-0.11111111111111427,-0.04285714285714315
1648844862.824316,0.06771190966659013,-0.015873015873012264,-0.04549450549450551
1648844862.845192,0.06771190966659013,-0.11111111111111427,-0.04681318681318691
1648844862.866066,0.06733043411917272,0.07936507936507553,-0.04681318681318691
1648844862.886813,0.06694895857175531,0.015873015873012264,-0.04813186813186787
1648844862.907816,0.0665674830243379,-0.047619047619051,-0.04945054945054972
1648844862.928689,0.0665674830243379,0.015873015873012264,-0.05076923076923068
1648844862.94931,0.0661860074769205,-0.015873015873012264,-0.05076923076923068
1648844862.969809,0.06580453192950309,-0.047619047619051,-0.05208791208791208
1648844862.990434,0.06580453192950309,0.015873015873012264,-0.05208791208791208
1648844863.011192,0.06504158083466827,-0.047619047619051,-0.05208791208791208
1648844863.032068,0.061226825360494175,-0.49206349206349387,-0.04285714285714315
1648844863.053069,0.05855649652857231,-0.11111111111111427,-0.03362637362637333
1648844863.074068,0.0581750209811549,-0.11111111111111427,-0.03494505494505473
1648844863.094942,0.0581750209811549,0.015873015873012264,-0.03626373626373658
1648844863.11582,0.0581750209811549,-0.047619047619051,-0.03758241758241754
1648844863.136695,0.0581750209811549,-0.015873015873012264,-0.03890109890109894
1648844863.157692,0.05779354543373749,0.015873015873012264,-0.04021978021978034
1648844863.178569,0.05779354543373749,-0.047619047619051,-0.04021978021978034
1648844863.199446,0.05741206988632008,-0.047619047619051,-0.04021978021978034
1648844863.220314,0.05741206988632008,-0.047619047619051,-0.04285714285714315
1648844863.241068,0.057030594338902674,-0.015873015873012264,-0.04285714285714315
1648844863.261824,0.056649118791485265,-0.015873015873012264,-0.04285714285714315
1648844863.282696,0.056267643244067855,-0.015873015873012264,-0.04417582417582411
1648844863.303698,0.056267643244067855,0.015873015873012264,-0.04417582417582411
1648844863.324448,0.055886167696650446,-0.015873015873012264,-0.04285714285714315
1648844863.345447,0.05550469214923304,-0.015873015873012264,-0.04549450549450551
1648844863.366323,0.05512321660181563,0.015873015873012264,-0.04417582417582411
1648844863.387199,0.05016403448538931,-0.4285714285714306,-0.03494505494505473
1648844863.408072,0.04940108339055449,-0.015873015873012264,-0.030989010989010968
1648844863.42895,0.04901960784313708,-0.047619047619051,-0.030989010989010968
1648844863.449825,0.04940108339055449,0.015873015873012264,-0.03230769230769237
1648844863.470699,0.04940108339055449,0.015873015873012264,-0.03362637362637333
1648844863.491574,0.04901960784313708,-0.1428571428571388,-0.03494505494505473
1648844863.512448,0.04901960784313708,-0.047619047619051,-0.03494505494505473
1648844863.533323,0.04901960784313708,-0.015873015873012264,-0.03626373626373658
1648844863.554202,0.04901960784313708,-0.047619047619051,-0.03626373626373658
1648844863.575113,0.04863813229571967,-0.015873015873012264,-0.03758241758241754
1648844863.596119,0.04863813229571967,-0.047619047619051,-0.03890109890109894
1648844863.616989,0.04863813229571967,0.015873015873012264,-0.03890109890109894
1648844863.637741,0.04825665674830226,-0.015873015873012264,-0.04021978021978034
1648844863.658615,0.04825665674830226,-0.047619047619051,-0.0415384615384613
1648844863.679316,0.04787518120088485,-0.015873015873012264,-0.0415384615384613
1648844863.700121,0.04787518120088485,-0.015873015873012264,-0.0415384615384613
1648844863.721005,0.04787518120088485,0.015873015873012264,-0.04285714285714315
1648844863.741867,0.04787518120088485,-0.047619047619051,-0.04285714285714315
1648844863.762745,0.047493705653467444,-0.015873015873012264,-0.04285714285714315
1648844863.783619,0.047493705653467444,-0.015873015873012264,-0.04417582417582411
1648844863.804494,0.047493705653467444,-0.015873015873012264,-0.04549450549450551
1648844863.825367,0.047112230106050035,-0.11111111111111427,-0.04549450549450551
1648844863.846369,0.047112230106050035,-0.11111111111111427,-0.04549450549450551
1648844863.867245,0.046730754558632626,-0.015873015873012264,-0.04681318681318691
1648844863.888118,0.046730754558632626,0.015873015873012264,-0.04681318681318691
1648844863.908998,0.046349279011215216,-0.047619047619051,-0.04681318681318691
1648844863.92987,0.046349279011215216,0.015873015873012264,-0.04813186813186787
1648844863.950747,0.04596780346379781,-0.015873015873012264,-0.04813186813186787
1648844863.971621,0.04520485236896299,-0.015873015873012264,-0.04681318681318691
1648844863.992322,0.04482337682154558,-0.015873015873012264,-0.04549450549450551
1648844864.013265,0.04367895017929335,-0.17460317460317754,-0.04417582417582411
1648844864.034117,0.04024567025253667,0.015873015873012264,-0.03494505494505473
1648844864.054955,0.04024567025253667,-0.047619047619051,-0.03494505494505473
1648844864.075957,0.03986419470511926,-0.015873015873012264,-0.03494505494505473
1648844864.096576,0.04024567025253667,-0.047619047619051,-0.03626373626373658
1648844864.117456,0.04024567025253667,0.015873015873012264,-0.03626373626373658
1648844864.138331,0.03986419470511926,-0.11111111111111427,-0.03758241758241754
1648844864.159113,0.03948271915770185,0.015873015873012264,-0.03758241758241754
1648844864.180083,0.03948271915770185,0.015873015873012264,-0.03758241758241754
1648844864.200833,0.03948271915770185,-0.047619047619051,-0.03890109890109894
1648844864.221709,0.03948271915770185,0.015873015873012264,-0.03890109890109894
1648844864.242583,0.03948271915770185,-0.11111111111111427,-0.04021978021978034
1648844864.263582,0.03948271915770185,-0.015873015873012264,-0.04021978021978034
1648844864.284459,0.03910124361028444,-0.047619047619051,-0.04021978021978034
1648844864.305333,0.03910124361028444,-0.015873015873012264,-0.04285714285714315
1648844864.326208,0.03910124361028444,-0.015873015873012264,-0.0415384615384613
1648844864.347084,0.03910124361028444,-0.015873015873012264,-0.0415384615384613
1648844864.368086,0.03910124361028444,0.015873015873012264,-0.04285714285714315
1648844864.388961,0.03910124361028444,-0.047619047619051,-0.04285714285714315
1648844864.409835,0.03871976806286703,-0.11111111111111427,-0.04417582417582411
1648844864.430709,0.03871976806286703,-0.015873015873012264,-0.04549450549450551
1648844864.451711,0.03871976806286703,0.015873015873012264,-0.04549450549450551
1648844864.472587,0.03871976806286703,-0.015873015873012264,-0.04549450549450551
1648844864.493461,0.03833829251544962,-0.047619047619051,-0.04681318681318691
1648844864.514338,0.03833829251544962,-0.047619047619051,-0.04681318681318691
1648844864.535212,0.03833829251544962,0.015873015873012264,-0.04813186813186787
1648844864.556088,0.03833829251544962,0.015873015873012264,-0.04681318681318691
1648844864.576963,0.03833829251544962,-0.11111111111111427,-0.04813186813186787
1648844864.597838,0.037956816968032214,0.015873015873012264,-0.04813186813186787
1648844864.618713,0.037956816968032214,-0.015873015873012264,-0.04945054945054972
1648844864.639586,0.037956816968032214,-0.015873015873012264,-0.04945054945054972
1648844864.660464,0.037956816968032214,-0.047619047619051,-0.04945054945054972
1648844864.681465,0.037956816968032214,-0.015873015873012264,-0.05076923076923068
1648844864.702341,0.037575341420614805,-0.047619047619051,-0.05076923076923068
1648844864.723214,0.037575341420614805,0.015873015873012264,-0.05208791208791208
1648844864.74409,0.037575341420614805,-0.015873015873012264,-0.05076923076923068
1648844864.76509,0.037575341420614805,0.07936507936507553,-0.05208791208791208
1648844864.785841,0.037193865873197396,0.015873015873012264,-0.05208791208791208
1648844864.806715,0.037193865873197396,0.015873015873012264,-0.05208791208791208
1648844864.827716,0.037193865873197396,-0.015873015873012264,-0.05340659340659348
1648844864.848591,0.037193865873197396,-0.015873015873012264,-0.05340659340659348
1648844864.869466,0.03681239032577999,-0.015873015873012264,-0.05340659340659348
1648844864.890342,0.03681239032577999,0.07936507936507553,-0.05340659340659348
1648844864.911217,0.03681239032577999,0.015873015873012264,-0.05472527472527444
1648844864.932092,0.03681239032577999,-0.015873015873012264,-0.05472527472527444
1648844864.952968,0.03643091477836258,-0.015873015873012264,-0.05472527472527444
1648844864.973843,0.03643091477836258,0.015873015873012264,-0.05472527472527444
1648844864.994718,0.03643091477836258,-0.047619047619051,-0.05472527472527444
1648844865.015593,0.03604943923094517,-0.047619047619051,-0.05472527472527444
1648844865.036594,0.03604943923094517,-0.11111111111111427,-0.05472527472527444
1648844865.057469,0.03566796368352776,0.015873015873012264,-0.05472527472527444
1648844865.078343,0.03528648813611035,-0.015873015873012264,-0.05472527472527444
1648844865.099218,0.03528648813611035,-0.047619047619051,-0.05472527472527444
1648844865.120093,0.03452353704127553,-0.047619047619051,-0.05340659340659348
1648844865.14097,0.03147173266193626,-0.17460317460317754,-0.04681318681318691
1648844865.161711,0.03070878156710144,-0.047619047619051,-0.04417582417582411
1648844865.18247,0.03070878156710144,-0.047619047619051,-0.04285714285714315
1648844865.20347,0.03070878156710144,-0.015873015873012264,-0.04285714285714315
1648844865.224345,0.03070878156710144,0.015873015873012264,-0.04417582417582411
1648844865.245347,0.03070878156710144,-0.015873015873012264,-0.04417582417582411
1648844865.266097,0.03032730601968403,-0.047619047619051,-0.04417582417582411
1648844865.287097,0.03070878156710144,0.015873015873012264,-0.04549450549450551
1648844865.307973,0.03032730601968403,-0.11111111111111427,-0.04549450549450551
1648844865.328848,0.03032730601968403,-0.015873015873012264,-0.04549450549450551
1648844865.349721,0.03032730601968403,-0.047619047619051,-0.04681318681318691
1648844865.370596,0.03032730601968403,-0.047619047619051,-0.04681318681318691
1648844865.391598,0.03032730601968403,-0.015873015873012264,-0.04549450549450551
1648844865.412473,0.03032730601968403,0.015873015873012264,-0.04681318681318691
1648844865.433348,0.03032730601968403,-0.047619047619051,-0.04681318681318691
1648844865.454224,0.02994583047226662,-0.047619047619051,-0.04813186813186787
1648844865.475098,0.02994583047226662,0.015873015873012264,-0.04813186813186787
1648844865.496099,0.02994583047226662,-0.015873015873012264,-0.04681318681318691
1648844865.516975,0.02994583047226662,-0.015873015873012264,-0.04813186813186787
1648844865.537851,0.02994583047226662,-0.015873015873012264,-0.04813186813186787
1648844865.558611,0.02994583047226662,0.015873015873012264,-0.04945054945054972
1648844865.579601,0.029564354924849212,-0.015873015873012264,-0.04813186813186787
1648844865.600475,0.029564354924849212,-0.015873015873012264,-0.04945054945054972
1648844865.621351,0.029564354924849212,-0.015873015873012264,-0.05076923076923068
1648844865.642226,0.029564354924849212,-0.047619047619051,-0.04945054945054972
1648844865.663101,0.029564354924849212,-0.047619047619051,-0.04945054945054972
1648844865.684101,0.029564354924849212,-0.015873015873012264,-0.05076923076923068
1648844865.704975,0.029564354924849212,-0.015873015873012264,-0.05076923076923068
1648844865.725853,0.029564354924849212,-0.015873015873012264,-0.05076923076923068
1648844865.746727,0.029182879377431803,-0.047619047619051,-0.05076923076923068
1648844865.767727,0.029182879377431803,-0.015873015873012264,-0.05076923076923068
1648844865.788604,0.029182879377431803,-0.015873015873012264,-0.05076923076923068
1648844865.809479,0.029182879377431803,0.015873015873012264,-0.05340659340659348
1648844865.830353,0.029182879377431803,-0.015873015873012264,-0.05208791208791208
1648844865.851014,0.029182879377431803,-0.047619047619051,-0.05208791208791208
1648844865.871729,0.028801403830014394,-0.11111111111111427,-0.05340659340659348
1648844865.892605,0.029182879377431803,-0.015873015873012264,-0.05340659340659348
1648844865.913605,0.029182879377431803,-0.047619047619051,-0.05208791208791208
1648844865.93448,0.028801403830014394,-0.047619047619051,-0.05340659340659348
1648844865.955355,0.028801403830014394,0.015873015873012264,-0.05340659340659348
1648844865.97623,0.028801403830014394,0.015873015873012264,-0.05340659340659348
1648844865.997105,0.028801403830014394,-0.11111111111111427,-0.05340659340659348
1648844866.01798,0.028801403830014394,0.015873015873012264,-0.05472527472527444
1648844866.038855,0.028801403830014394,0.015873015873012264,-0.05472527472527444
1648844866.059731,0.028419928282596985,0.015873015873012264,-0.05472527472527444
1648844866.080606,0.028801403830014394,-0.015873015873012264,-0.05604395604395629
1648844866.101612,0.028419928282596985,-0.11111111111111427,-0.05472527472527444
1648844866.122483,0.028419928282596985,-0.015873015873012264,-0.05472527472527444
1648844866.143359,0.028419928282596985,-0.047619047619051,-0.05604395604395629
1648844866.164233,0.028419928282596985,-0.015873015873012264,-0.05604395604395629
1648844866.184846,0.028419928282596985,-0.015873015873012264,-0.05604395604395629
1648844866.205512,0.028419928282596985,-0.047619047619051,-0.05736263736263725
1648844866.226402,0.028419928282596985,-0.047619047619051,-0.05736263736263725
1648844866.247283,0.028419928282596985,-0.11111111111111427,-0.05736263736263725
1648844866.268148,0.028419928282596985,-0.015873015873012264,-0.05604395604395629
1648844866.289024,0.028419928282596985,-0.11111111111111427,-0.05736263736263725
