Timestamp,POS,VEL,Torq
1648844793.257937,0.8611810482948048,0.015873015873012264,-0.0006593406593404794
1648844793.278805,0.8558403906309611,-0.5238095238095184,-0.004615384615384688
1648844793.299684,0.8527885862516218,0.07936507936507553,-0.007252747252747049
1648844793.320559,0.8508812085145347,0.1428571428571388,-0.01648351648351687
1648844793.341436,0.8482108796826129,-0.11111111111111427,-0.02307692307692344
1648844793.362308,0.8413443198290995,0.20634920634920206,-0.0257142857142858
1648844793.383186,0.8398184176394299,0.015873015873012264,-0.030989010989010968
1648844793.404059,0.8340962844281687,-0.7460317460317469,-0.03230769230769237
1648844793.424934,0.8302815289539947,-0.11111111111111427,-0.03626373626373658
1648844793.445811,0.8196002136263072,-0.6190476190476204,-0.03626373626373658
1648844793.466685,0.7967116807812626,-1.095238095238095,-0.0257142857142858
1648844793.487562,0.7860303654535752,-0.26984126984126533,-0.01912087912087923
1648844793.508437,0.7860303654535752,0.015873015873012264,-0.024395604395604398
1648844793.529315,0.7852674143587404,0.07936507936507553,-0.030989010989010968
1648844793.550187,0.7856488899061578,0.015873015873012264,-0.03758241758241754
1648844793.571189,0.7837415121690707,-0.1428571428571388,-0.04417582417582411
1648844793.592064,0.7696269169146266,-0.904761904761898,-0.03890109890109894
1648844793.612811,0.7505531395437561,-0.904761904761898,-0.02703296703296676
1648844793.633688,0.735294117647058,-0.26984126984126533,-0.02307692307692344
1648844793.654565,0.7349126420996406,0.015873015873012264,-0.0257142857142858
1648844793.675438,0.7345311665522232,0.015873015873012264,-0.030989010989010968
1648844793.696437,0.735294117647058,0.1428571428571388,-0.03890109890109894
1648844793.717314,0.7337682154573884,-0.015873015873012264,-0.04417582417582411
1648844793.738189,0.7215609979400313,-0.49206349206349387,-0.04285714285714315
1648844793.759189,0.7104982070649264,-0.5238095238095184,-0.03362637362637333
1648844793.780064,0.701724269474326,-0.36507936507936734,-0.030989010989010968
1648844793.80094,0.6876096742198818,-0.49206349206349387,-0.030989010989010968
1648844793.821815,0.686846723125047,-0.047619047619051,-0.03230769230769237
1648844793.842689,0.6860837720302122,-0.015873015873012264,-0.03758241758241754
1648844793.863187,0.6788357366292814,-0.6507936507936449,-0.03890109890109894
1648844793.883683,0.6769283588921944,-0.015873015873012264,-0.03890109890109894
1648844793.904189,0.6734950789654377,-0.26984126984126533,-0.04417582417582411
1648844793.925067,0.6628137636377502,-0.30158730158730407,-0.04021978021978034
1648844793.945942,0.6589990081635761,-0.015873015873012264,-0.04021978021978034
1648844793.966815,0.6578545815213239,-0.047619047619051,-0.04681318681318691
1648844793.987692,0.6567101548790717,0.1428571428571388,-0.05208791208791208
1648844794.008443,0.6563286793316543,-0.015873015873012264,-0.05736263736263725
1648844794.029318,0.6498435950255583,-0.8730158730158735,-0.05340659340659348
1648844794.050194,0.630006866559853,-1.2222222222222214,-0.04549450549450551
1648844794.070941,0.6136034180209045,-0.4285714285714306,-0.03494505494505473
1648844794.091686,0.6086442359044781,0.015873015873012264,-0.03230769230769237
1648844794.112569,0.6082627603570607,0.1428571428571388,-0.03890109890109894
1648844794.133445,0.6097886625467304,0.1428571428571388,-0.04549450549450551
1648844794.15432,0.609407186999313,-0.11111111111111427,-0.05208791208791208
1648844794.174683,0.6063553826199737,-0.17460317460317754,-0.05340659340659348
1648844794.195055,0.5922407873655295,-0.9682539682539613,-0.04417582417582411
1648844794.216192,0.575837338826581,-0.4285714285714306,-0.03890109890109894
1648844794.237071,0.5697337300679024,0.11111111111111427,-0.03362637362637333
1648844794.25795,0.569352254520485,0.015873015873012264,-0.03890109890109894
1648844794.278696,0.5689707789730676,0.1428571428571388,-0.04417582417582411
1648844794.299697,0.569352254520485,0.015873015873012264,-0.04813186813186787
1648844794.320574,0.5655374990463109,-0.5238095238095184,-0.04945054945054972
1648844794.341448,0.5502784771496145,-0.6507936507936449,-0.04681318681318691
1648844794.362322,0.5418860151064315,-0.36507936507936734,-0.0415384615384613
1648844794.3832,0.5411230640115967,-0.047619047619051,-0.0415384615384613
1648844794.404076,0.5411230640115967,-0.11111111111111427,-0.04549450549450551
1648844794.424947,0.5411230640115967,0.07936507936507553,-0.05208791208791208
1648844794.445832,0.5407415884641793,-0.11111111111111427,-0.05472527472527444
1648844794.466698,0.5312046997787441,-0.7777777777777715,-0.05208791208791208
1648844794.487697,0.510605020218204,-0.7460317460317469,-0.04417582417582411
1648844794.508574,0.5029755092698558,0.20634920634920206,-0.03362637362637333
1648844794.529451,0.502212558175021,-0.047619047619051,-0.03626373626373658
1648844794.550324,0.502212558175021,0.07936507936507553,-0.04021978021978034
1648844794.571201,0.5033569848172732,0.015873015873012264,-0.04681318681318691
1648844794.592074,0.5025940337224384,-0.047619047619051,-0.05076923076923068
1648844794.612951,0.4953459983215076,-0.7460317460317469,-0.04681318681318691
1648844794.633826,0.4827573052567331,-0.1428571428571388,-0.04549450549450551
1648844794.6547,0.4835202563515679,0.015873015873012264,-0.04549450549450551
1648844794.675575,0.4831387808041505,-0.11111111111111427,-0.04945054945054972
1648844794.696451,0.4831387808041505,-0.047619047619051,-0.05340659340659348
1648844794.717326,0.4827573052567331,0.015873015873012264,-0.05736263736263725
1648844794.738201,0.4781795986877242,-0.7777777777777715,-0.05340659340659348
1648844794.759077,0.45147631036850555,-1.3809523809523796,-0.04417582417582411
1648844794.779952,0.43812466620889623,-0.30158730158730407,-0.028351648351648162
1648844794.800828,0.4365987640192266,-0.11111111111111427,-0.02703296703296676
1648844794.821702,0.4358358129243918,0.07936507936507553,-0.030989010989010968
1648844794.842578,0.4377431906614788,0.1428571428571388,-0.03626373626373658
1648844794.863192,0.4373617151140614,-0.015873015873012264,-0.04021978021978034
1648844794.884205,0.43545433737697437,-0.11111111111111427,-0.04417582417582411
1648844794.904694,0.43011367971313064,-0.4285714285714306,-0.0415384615384613
1648844794.925458,0.42591744869153914,0.015873015873012264,-0.04021978021978034
1648844794.946338,0.4255359731441217,-0.047619047619051,-0.04549450549450551
1648844794.967214,0.4251544975967043,-0.015873015873012264,-0.04813186813186787
1648844794.988087,0.4247730220492869,-0.047619047619051,-0.05076923076923068
1648844795.008965,0.42172121766994763,-0.2380952380952408,-0.05208791208791208
1648844795.029842,0.40608072022583386,-1.2857142857142847,-0.03890109890109894
1648844795.050718,0.38128480964370226,-0.6507936507936449,-0.02703296703296676
1648844795.071591,0.378233005264363,-0.015873015873012264,-0.01912087912087923
1648844795.092462,0.37747005416952817,-0.015873015873012264,-0.02307692307692344
1648844795.11334,0.3786144808117804,0.07936507936507553,-0.028351648351648162
1648844795.134218,0.3793774319066152,-0.047619047619051,-0.03230769230769237
1648844795.155096,0.378233005264363,-0.047619047619051,-0.03362637362637333
1648844795.175968,0.37594415197985853,-0.11111111111111427,-0.03626373626373658
1648844795.196831,0.37212939650568444,-0.26984126984126533,-0.03494505494505473
1648844795.217453,0.36907759212634517,-0.047619047619051,-0.03494505494505473
1648844795.238332,0.36869611657892776,-0.015873015873012264,-0.03890109890109894
1648844795.259207,0.36793316548409294,-0.015873015873012264,-0.0415384615384613
1648844795.280083,0.3671702143892581,0.015873015873012264,-0.04285714285714315
1648844795.301579,0.3667887388418407,-0.047619047619051,-0.04549450549450551
1648844795.322459,0.36449988555733626,-0.30158730158730407,-0.04681318681318691
1648844795.343335,0.3500038147554747,-1.1587301587301582,-0.03362637362637333
1648844795.36421,0.3320744640268565,-0.6190476190476204,-0.02307692307692344
1648844795.38521,0.32635233081559534,-0.047619047619051,-0.01912087912087923
1648844795.40596,0.3206301976043342,-0.26984126984126533,-0.01912087912087923
1648844795.426833,0.3210116731517516,0.015873015873012264,-0.02043956043956019
1648844795.447704,0.32215609979400384,-0.015873015873012264,-0.02307692307692344
1648844795.468201,0.321393148699169,-0.015873015873012264,-0.0257142857142858
1648844795.488701,0.3202487220569168,-0.015873015873012264,-0.028351648351648162
1648844795.509504,0.31948577096208197,0.11111111111111427,-0.02967032967033001
1648844795.530503,0.31910429541466456,-0.047619047619051,-0.03230769230769237
1648844795.551378,0.31948577096208197,-0.047619047619051,-0.03494505494505473
1648844795.572254,0.31910429541466456,-0.015873015873012264,-0.03890109890109894
1648844795.593252,0.3175783932249949,-0.17460317460317754,-0.04021978021978034
1648844795.613827,0.3091859311818119,-0.36507936507936734,-0.03890109890109894
1648844795.63433,0.3084229800869771,-0.015873015873012264,-0.03626373626373658
1648844795.655256,0.3084229800869771,-0.015873015873012264,-0.03890109890109894
1648844795.676257,0.3080415045395597,0.1428571428571388,-0.0415384615384613
1648844795.697005,0.3076600289921423,-0.015873015873012264,-0.04285714285714315
1648844795.717881,0.30575265125505524,-0.2380952380952408,-0.0415384615384613
1648844795.738756,0.2882047760738544,-0.904761904761898,-0.03230769230769237
1648844795.759756,0.2744716563668277,-0.36507936507936734,-0.01912087912087923
1648844795.780631,0.271038376440071,-0.11111111111111427,-0.01648351648351687
1648844795.801508,0.2706569008926536,-0.015873015873012264,-0.01912087912087923
1648844795.82238,0.2718013275349058,0.015873015873012264,-0.02307692307692344
1648844795.843256,0.2718013275349058,0.015873015873012264,-0.0257142857142858
1648844795.864257,0.2714198519874884,0.07936507936507553,-0.02703296703296676
1648844795.885006,0.26951247425040137,-0.047619047619051,-0.028351648351648162
1648844795.906007,0.2656977187762273,-0.39682539682539186,-0.02703296703296676
1648844795.926882,0.2622644388494706,-0.015873015873012264,-0.0257142857142858
1648844795.947756,0.2622644388494706,-0.047619047619051,-0.028351648351648162
1648844795.968632,0.2618829633020532,-0.015873015873012264,-0.02967032967033001
1648844795.989509,0.2615014877546358,-0.047619047619051,-0.03230769230769237
1648844796.010382,0.26112001220721837,0.015873015873012264,-0.03362637362637333
1648844796.031255,0.26035706111238355,-0.047619047619051,-0.03626373626373658
1648844796.052261,0.26035706111238355,-0.015873015873012264,-0.03758241758241754
1648844796.073009,0.25997558556496614,-0.047619047619051,-0.03890109890109894
1648844796.093751,0.2588311589227139,-0.047619047619051,-0.04021978021978034
1648844796.114509,0.2504386968795309,-0.5555555555555571,-0.03890109890109894
1648844796.13551,0.24967574578469431,0.015873015873012264,-0.03626373626373658
1648844796.156385,0.24967574578469431,-0.047619047619051,-0.03758241758241754
1648844796.177716,0.2489127946898595,-0.015873015873012264,-0.03890109890109894
1648844796.198633,0.2485313191424421,-0.11111111111111427,-0.04021978021978034
1648844796.219597,0.24204623483634613,-0.6507936507936449,-0.03758241758241754
1648844796.240472,0.2325093461509109,-0.8730158730158735,-0.028351648351648162
1648844796.261347,0.22144655527580603,-0.26984126984126533,-0.024395604395604398
1648844796.282225,0.22144655527580603,-0.015873015873012264,-0.02307692307692344
1648844796.303098,0.22144655527580603,-0.047619047619051,-0.024395604395604398
1648844796.323971,0.22220950637064085,0.07936507936507553,-0.02703296703296676
1648844796.344974,0.22220950637064085,-0.047619047619051,-0.028351648351648162
1648844796.365849,0.22182803082322344,-0.047619047619051,-0.030989010989010968
1648844796.386726,0.2199206530861364,-0.11111111111111427,-0.030989010989010968
1648844796.407599,0.21915770199130158,0.015873015873012264,-0.030989010989010968
1648844796.428473,0.21877622644388417,-0.015873015873012264,-0.03362637362637333
1648844796.449348,0.21686884870679712,-0.26984126984126533,-0.03362637362637333
1648844796.470223,0.21305409323262303,-0.015873015873012264,-0.030989010989010968
1648844796.491105,0.21267261768520562,0.015873015873012264,-0.03230769230769237
1648844796.511896,0.2115281910429534,-0.015873015873012264,-0.03362637362637333
1648844796.532598,0.2119096665903708,-0.015873015873012264,-0.03626373626373658
1648844796.553601,0.2119096665903708,-0.047619047619051,-0.03626373626373658
1648844796.574477,0.2115281910429534,-0.11111111111111427,-0.03758241758241754
1648844796.595354,0.20962081330586635,-0.047619047619051,-0.03890109890109894
1648844796.616218,0.20275425345235298,0.07936507936507553,-0.03758241758241754
1648844796.637102,0.2035172045471878,0.11111111111111427,-0.03626373626373658
1648844796.657852,0.2031357289997704,-0.015873015873012264,-0.03758241758241754
1648844796.678725,0.2031357289997704,-0.015873015873012264,-0.03890109890109894
1648844796.699729,0.2031357289997704,0.015873015873012264,-0.04021978021978034
1648844796.720601,0.20275425345235298,-0.11111111111111427,-0.0415384615384613
1648844796.741479,0.20199130235751817,-0.047619047619051,-0.04285714285714315
1648844796.762355,0.20199130235751817,-0.11111111111111427,-0.04417582417582411
1648844796.78323,0.20160982681010076,-0.015873015873012264,-0.04549450549450551
1648844796.804104,0.20122835126268335,-0.015873015873012264,-0.04681318681318691
1648844796.82498,0.1993209735255963,-0.11111111111111427,-0.04549450549450551
1648844796.845854,0.19245441367208294,0.2380952380952408,-0.04285714285714315
1648844796.86673,0.19283588921950034,0.11111111111111427,-0.04285714285714315
1648844796.887729,0.19169146257724812,0.015873015873012264,-0.04285714285714315
1648844796.908604,0.19207293812466553,0.07936507936507553,-0.04417582417582411
1648844796.92948,0.19169146257724812,-0.047619047619051,-0.04549450549450551
1648844796.950355,0.19169146257724812,0.07936507936507553,-0.04681318681318691
1648844796.971232,0.18978408484016107,-0.17460317460317754,-0.04681318681318691
1648844796.992232,0.17948424505989102,-0.36507936507936734,-0.03890109890109894
1648844797.012981,0.1657511253528643,-0.6507936507936449,-0.028351648351648162
1648844797.033856,0.16346227206835984,-0.11111111111111427,-0.0257142857142858
1648844797.054731,0.16346227206835984,-0.015873015873012264,-0.0257142857142858
1648844797.075608,0.16384374761577725,0.015873015873012264,-0.028351648351648162
1648844797.096353,0.16460669871061206,-0.047619047619051,-0.030989010989010968
1648844797.117233,0.16384374761577725,-0.11111111111111427,-0.030989010989010968
1648844797.138113,0.16308079652094243,-0.015873015873012264,-0.03230769230769237
1648844797.158984,0.16308079652094243,-0.015873015873012264,-0.03230769230769237
1648844797.179859,0.16308079652094243,-0.047619047619051,-0.03494505494505473
1648844797.200732,0.16308079652094243,0.015873015873012264,-0.03494505494505473
1648844797.22161,0.16269932097352502,0.015873015873012264,-0.03626373626373658
1648844797.242485,0.1623178454261076,0.015873015873012264,-0.03758241758241754
1648844797.263487,0.1619363698786902,-0.015873015873012264,-0.03890109890109894
1648844797.284361,0.1615548943312728,-0.047619047619051,-0.03890109890109894
1648844797.305236,0.16041046768902056,-0.11111111111111427,-0.03890109890109894
1648844797.326111,0.1535439078355072,-0.17460317460317754,-0.03890109890109894
1648844797.346986,0.1539253833829246,0.015873015873012264,-0.03626373626373658
1648844797.367861,0.1535439078355072,-0.015873015873012264,-0.03626373626373658
1648844797.388735,0.1535439078355072,0.07936507936507553,-0.03758241758241754
1648844797.409612,0.1535439078355072,0.015873015873012264,-0.03890109890109894
1648844797.430487,0.1535439078355072,-0.015873015873012264,-0.03890109890109894
1648844797.451487,0.15278095674067238,-0.11111111111111427,-0.04021978021978034
1648844797.472362,0.15278095674067238,-0.015873015873012264,-0.04021978021978034
1648844797.493239,0.15239948119325497,-0.015873015873012264,-0.0415384615384613
1648844797.514114,0.15239948119325497,-0.015873015873012264,-0.04285714285714315
1648844797.534989,0.15239948119325497,-0.047619047619051,-0.04417582417582411
1648844797.555862,0.15163653009842015,-0.047619047619051,-0.04417582417582411
1648844797.576737,0.14705882352941124,-0.49206349206349387,-0.04021978021978034
1648844797.597614,0.14438849469748938,-0.11111111111111427,-0.03890109890109894
1648844797.618489,0.14438849469748938,-0.11111111111111427,-0.04021978021978034
1648844797.63949,0.14438849469748938,0.015873015873012264,-0.0415384615384613
1648844797.660364,0.14438849469748938,0.015873015873012264,-0.04285714285714315
1648844797.681243,0.14438849469748938,-0.047619047619051,-0.04285714285714315
1648844797.702116,0.14400701915007197,0.015873015873012264,-0.04417582417582411
1648844797.722989,0.14400701915007197,0.015873015873012264,-0.04417582417582411
1648844797.743865,0.14362554360265456,-0.047619047619051,-0.04681318681318691
1648844797.764741,0.14362554360265456,-0.11111111111111427,-0.04681318681318691
1648844797.785617,0.14324406805523715,-0.015873015873012264,-0.04813186813186787
1648844797.806491,0.14324406805523715,0.015873015873012264,-0.04813186813186787
1648844797.827493,0.14324406805523715,-0.11111111111111427,-0.04945054945054972
1648844797.848364,0.14286259250781974,0.015873015873012264,-0.05076923076923068
1648844797.869244,0.14248111696040233,0.015873015873012264,-0.05076923076923068
1648844797.89012,0.14209964141298492,0.015873015873012264,-0.05076923076923068
1648844797.910996,0.14209964141298492,-0.047619047619051,-0.05076923076923068
1648844797.931735,0.1417181658655675,-0.047619047619051,-0.05208791208791208
1648844797.952619,0.13942931258106306,-0.36507936507936734,-0.04945054945054972
1648844797.973492,0.13408865491721933,0.015873015873012264,-0.04681318681318691
1648844797.994369,0.13408865491721933,-0.015873015873012264,-0.04681318681318691
1648844798.015244,0.13370717936980192,0.07936507936507553,-0.04813186813186787
1648844798.036118,0.13408865491721933,-0.015873015873012264,-0.04813186813186787
1648844798.056995,0.13408865491721933,-0.047619047619051,-0.04945054945054972
1648844798.077869,0.13370717936980192,-0.11111111111111427,-0.04945054945054972
1648844798.098372,0.1333257038223845,-0.015873015873012264,-0.05076923076923068
1648844798.118994,0.1333257038223845,-0.015873015873012264,-0.05076923076923068
1648844798.139871,0.1333257038223845,-0.047619047619051,-0.05208791208791208
1648844798.160869,0.1329442282749671,-0.015873015873012264,-0.05340659340659348
1648844798.181745,0.1325627527275497,-0.015873015873012264,-0.05340659340659348
1648844798.20262,0.13218127718013228,-0.047619047619051,-0.05340659340659348
1648844798.223496,0.13103685053788006,-0.11111111111111427,-0.05340659340659348
1648844798.244373,0.12226291294727964,-0.26984126984126533,-0.04813186813186787
1648844798.265249,0.11005569542992255,-0.6190476190476204,-0.03494505494505473
1648844798.286123,0.10509651331349623,0.07936507936507553,-0.02967032967033001
1648844798.306997,0.10471503776607882,0.015873015873012264,-0.030989010989010968
1648844798.327872,0.10509651331349623,0.07936507936507553,-0.030989010989010968
1648844798.348748,0.10662241550316587,-0.015873015873012264,-0.03362637362637333
1648844798.369747,0.10624093995574846,-0.047619047619051,-0.03362637362637333
1648844798.390624,0.10547798886091364,-0.11111111111111427,-0.03362637362637333
1648844798.411499,0.10509651331349623,0.015873015873012264,-0.03362637362637333
1648844798.432374,0.10509651331349623,0.015873015873012264,-0.03494505494505473
1648844798.453375,0.10547798886091364,0.07936507936507553,-0.03626373626373658
1648844798.474252,0.10547798886091364,-0.11111111111111427,-0.03626373626373658
1648844798.494999,0.10509651331349623,-0.015873015873012264,-0.03758241758241754
1648844798.516002,0.10471503776607882,-0.047619047619051,-0.03758241758241754
1648844798.536874,0.10471503776607882,-0.015873015873012264,-0.03758241758241754
1648844798.557752,0.10509651331349623,-0.015873015873012264,-0.03890109890109894
1648844798.578626,0.10509651331349623,-0.047619047619051,-0.04021978021978034
1648844798.599502,0.10471503776607882,-0.015873015873012264,-0.04021978021978034
1648844798.620503,0.10433356221866141,-0.015873015873012264,-0.04021978021978034
1648844798.641377,0.10433356221866141,-0.015873015873012264,-0.04021978021978034
1648844798.662252,0.103952086671244,-0.015873015873012264,-0.0415384615384613
1648844798.683254,0.10433356221866141,-0.015873015873012264,-0.0415384615384613
1648844798.704002,0.103952086671244,-0.015873015873012264,-0.04285714285714315
1648844798.724871,0.10318913557640919,-0.047619047619051,-0.04285714285714315
1648844798.745753,0.09746700236514805,-0.36507936507936734,-0.0415384615384613
1648844798.766629,0.09708552681773064,-0.047619047619051,-0.03758241758241754
1648844798.787629,0.09708552681773064,-0.015873015873012264,-0.03890109890109894
1648844798.808505,0.09708552681773064,0.015873015873012264,-0.03890109890109894
1648844798.829381,0.09708552681773064,0.015873015873012264,-0.04021978021978034
1648844798.850256,0.09708552681773064,-0.11111111111111427,-0.04021978021978034
1648844798.871004,0.09670405127031323,-0.047619047619051,-0.04021978021978034
1648844798.892004,0.09708552681773064,-0.015873015873012264,-0.0415384615384613
1648844798.912879,0.09670405127031323,-0.047619047619051,-0.0415384615384613
1648844798.933755,0.09670405127031323,-0.015873015873012264,-0.0415384615384613
1648844798.954506,0.09670405127031323,-0.047619047619051,-0.04285714285714315
1648844798.975631,0.09670405127031323,0.015873015873012264,-0.04285714285714315
1648844798.996508,0.09670405127031323,-0.015873015873012264,-0.04417582417582411
1648844799.017384,0.09632257572289582,-0.015873015873012264,-0.04417582417582411
1648844799.038258,0.09594110017547841,-0.015873015873012264,-0.04417582417582411
1648844799.059134,0.09594110017547841,-0.11111111111111427,-0.04417582417582411
1648844799.080007,0.09594110017547841,-0.047619047619051,-0.04417582417582411
1648844799.10075,0.09594110017547841,-0.047619047619051,-0.04549450549450551
1648844799.121634,0.095559624628061,-0.11111111111111427,-0.04549450549450551
1648844799.142507,0.095559624628061,0.015873015873012264,-0.04549450549450551
1648844799.163501,0.095559624628061,-0.047619047619051,-0.04681318681318691
1648844799.1839,0.095559624628061,-0.015873015873012264,-0.04813186813186787
1648844799.204502,0.095559624628061,-0.015873015873012264,-0.04681318681318691
1648844799.225258,0.09479667353322618,-0.015873015873012264,-0.04813186813186787
1648844799.246009,0.09441519798580877,0.07936507936507553,-0.04681318681318691
1648844799.26701,0.09441519798580877,-0.047619047619051,-0.04813186813186787
1648844799.287884,0.09441519798580877,-0.015873015873012264,-0.04813186813186787
1648844799.308759,0.09365224689097396,-0.015873015873012264,-0.04813186813186787
1648844799.329634,0.08907454032196505,-0.36507936507936734,-0.04549450549450551
1648844799.350509,0.08831158922713023,-0.015873015873012264,-0.04417582417582411
1648844799.371511,0.08793011367971282,-0.015873015873012264,-0.04417582417582411
1648844799.392261,0.08831158922713023,-0.047619047619051,-0.04417582417582411
1648844799.413262,0.08831158922713023,-0.047619047619051,-0.04549450549450551
1648844799.434012,0.08793011367971282,-0.11111111111111427,-0.04549450549450551
1648844799.454885,0.08793011367971282,0.015873015873012264,-0.04549450549450551
1648844799.475887,0.08793011367971282,-0.047619047619051,-0.04549450549450551
1648844799.496764,0.08793011367971282,-0.047619047619051,-0.04681318681318691
1648844799.517513,0.08793011367971282,-0.015873015873012264,-0.04549450549450551
1648844799.538514,0.08793011367971282,-0.015873015873012264,-0.04681318681318691
1648844799.559388,0.08793011367971282,0.015873015873012264,-0.04681318681318691
1648844799.580264,0.08793011367971282,-0.015873015873012264,-0.04813186813186787
1648844799.601138,0.08754863813229541,-0.047619047619051,-0.04813186813186787
1648844799.622015,0.08754863813229541,-0.015873015873012264,-0.04945054945054972
1648844799.642888,0.08754863813229541,0.07936507936507553,-0.04945054945054972
1648844799.663763,0.08754863813229541,-0.047619047619051,-0.04945054945054972
1648844799.684758,0.08754863813229541,-0.047619047619051,-0.04945054945054972
1648844799.70564,0.087167162584878,-0.015873015873012264,-0.05076923076923068
1648844799.726515,0.087167162584878,0.015873015873012264,-0.05076923076923068
1648844799.747391,0.087167162584878,-0.015873015873012264,-0.05076923076923068
1648844799.768266,0.087167162584878,-0.015873015873012264,-0.05076923076923068
1648844799.789268,0.087167162584878,-0.015873015873012264,-0.05076923076923068
1648844799.810017,0.087167162584878,0.015873015873012264,-0.05076923076923068
1648844799.83089,0.087167162584878,-0.015873015873012264,-0.05208791208791208
1648844799.851766,0.087167162584878,-0.047619047619051,-0.05208791208791208
1648844799.872642,0.08678568703746059,-0.047619047619051,-0.05340659340659348
1648844799.893516,0.08678568703746059,-0.047619047619051,-0.05208791208791208
1648844799.914391,0.08678568703746059,0.015873015873012264,-0.05340659340659348
1648844799.935268,0.08678568703746059,-0.047619047619051,-0.05208791208791208
1648844799.956144,0.08678568703746059,-0.047619047619051,-0.05340659340659348
1648844799.977017,0.08678568703746059,-0.015873015873012264,-0.05340659340659348
1648844799.997893,0.08678568703746059,-0.047619047619051,-0.05472527472527444
1648844800.018796,0.08640421149004318,0.015873015873012264,-0.05472527472527444
1648844800.039644,0.08640421149004318,0.015873015873012264,-0.05472527472527444
1648844800.060645,0.08640421149004318,-0.047619047619051,-0.05472527472527444
1648844800.081395,0.08602273594262577,-0.015873015873012264,-0.05472527472527444
1648844800.10227,0.08602273594262577,-0.047619047619051,-0.05472527472527444
1648844800.123012,0.08564126039520836,-0.047619047619051,-0.05604395604395629
1648844800.143897,0.08564126039520836,0.07936507936507553,-0.05472527472527444
1648844800.164771,0.08564126039520836,-0.047619047619051,-0.05604395604395629
1648844800.185646,0.08564126039520836,-0.11111111111111427,-0.05604395604395629
1648844800.206389,0.08564126039520836,-0.015873015873012264,-0.05604395604395629
1648844800.227144,0.08525978484779095,-0.047619047619051,-0.05604395604395629
1648844800.248022,0.08487830930037354,-0.047619047619051,-0.05604395604395629
1648844800.268908,0.08220798046845168,-0.26984126984126533,-0.05208791208791208
1648844800.289772,0.07724879835202536,-0.015873015873012264,-0.04945054945054972
1648844800.310648,0.07724879835202536,-0.047619047619051,-0.04945054945054972
1648844800.331648,0.07686732280460795,-0.015873015873012264,-0.04945054945054972
1648844800.352522,0.07724879835202536,-0.047619047619051,-0.04945054945054972
1648844800.373273,0.07724879835202536,0.015873015873012264,-0.05076923076923068
1648844800.394149,0.07724879835202536,-0.047619047619051,-0.05076923076923068
1648844800.415023,0.07724879835202536,-0.015873015873012264,-0.05076923076923068
1648844800.4359,0.07724879835202536,-0.047619047619051,-0.05208791208791208
1648844800.456774,0.07724879835202536,-0.047619047619051,-0.05208791208791208
1648844800.47765,0.07724879835202536,-0.047619047619051,-0.05208791208791208
1648844800.498523,0.07724879835202536,-0.015873015873012264,-0.05208791208791208
1648844800.519401,0.07724879835202536,0.015873015873012264,-0.05208791208791208
1648844800.540276,0.07724879835202536,-0.015873015873012264,-0.05208791208791208
1648844800.56115,0.07724879835202536,0.07936507936507553,-0.05208791208791208
1648844800.582025,0.07686732280460795,-0.015873015873012264,-0.05340659340659348
1648844800.6029,0.07686732280460795,-0.047619047619051,-0.05340659340659348
1648844800.623902,0.07686732280460795,-0.015873015873012264,-0.05340659340659348
1648844800.644778,0.07686732280460795,-0.015873015873012264,-0.05340659340659348
1648844800.665651,0.07686732280460795,-0.047619047619051,-0.05340659340659348
1648844800.686528,0.07686732280460795,-0.015873015873012264,-0.05472527472527444
1648844800.707402,0.07686732280460795,0.015873015873012264,-0.05472527472527444
1648844800.728279,0.07686732280460795,-0.047619047619051,-0.05472527472527444
1648844800.749151,0.07648584725719054,-0.11111111111111427,-0.05472527472527444
1648844800.770029,0.07686732280460795,-0.047619047619051,-0.05472527472527444
1648844800.790902,0.07648584725719054,-0.015873015873012264,-0.05604395604395629
1648844800.811904,0.07648584725719054,-0.015873015873012264,-0.05472527472527444
1648844800.832654,0.07648584725719054,-0.047619047619051,-0.05472527472527444
1648844800.853529,0.07648584725719054,-0.015873015873012264,-0.05604395604395629
1648844800.874405,0.07648584725719054,-0.015873015873012264,-0.05604395604395629
1648844800.89528,0.07648584725719054,-0.047619047619051,-0.05604395604395629
1648844800.916158,0.07648584725719054,-0.047619047619051,-0.05604395604395629
1648844800.937033,0.07648584725719054,-0.047619047619051,-0.05604395604395629
1648844800.957907,0.07648584725719054,0.015873015873012264,-0.05604395604395629
1648844800.978657,0.07648584725719054,-0.015873015873012264,-0.05604395604395629
1648844800.999655,0.07648584725719054,0.015873015873012264,-0.05604395604395629
1648844801.020531,0.07610437170977313,-0.015873015873012264,-0.05604395604395629
1648844801.041406,0.07610437170977313,0.015873015873012264,-0.05604395604395629
1648844801.062282,0.07610437170977313,-0.015873015873012264,-0.05736263736263725
1648844801.083033,0.07610437170977313,-0.015873015873012264,-0.05736263736263725
1648844801.103776,0.07610437170977313,-0.047619047619051,-0.05736263736263725
1648844801.124658,0.07610437170977313,0.07936507936507553,-0.05736263736263725
1648844801.145536,0.07572289616235572,-0.11111111111111427,-0.05736263736263725
1648844801.166408,0.07572289616235572,0.015873015873012264,-0.05736263736263725
1648844801.187283,0.07572289616235572,-0.047619047619051,-0.05736263736263725
1648844801.208284,0.07572289616235572,0.07936507936507553,-0.05868131868131865
1648844801.229033,0.07534142061493831,-0.015873015873012264,-0.05736263736263725
1648844801.250037,0.07534142061493831,-0.015873015873012264,-0.05736263736263725
1648844801.270914,0.07534142061493831,-0.015873015873012264,-0.05868131868131865
1648844801.291785,0.0749599450675209,-0.015873015873012264,-0.05736263736263725
1648844801.312661,0.0745784695201035,-0.015873015873012264,-0.05736263736263725
1648844801.333534,0.06961928740367718,-0.6825396825396837,-0.05076923076923068
1648844801.354409,0.06504158083466827,-0.047619047619051,-0.04813186813186787
1648844801.375288,0.06198977645532899,-0.49206349206349387,-0.04417582417582411
1648844801.396164,0.0497825589379719,-0.6507936507936449,-0.03494505494505473
1648844801.417039,0.04863813229571967,-0.1428571428571388,-0.03230769230769237
1648844801.43766,0.04825665674830226,-0.015873015873012264,-0.03230769230769237
1648844801.458538,0.04863813229571967,0.07936507936507553,-0.03362637362637333
1648844801.479539,0.04901960784313708,-0.015873015873012264,-0.03362637362637333
1648844801.500288,0.04901960784313708,-0.015873015873012264,-0.03362637362637333
1648844801.521289,0.04863813229571967,-0.015873015873012264,-0.03362637362637333
1648844801.542038,0.04863813229571967,-0.015873015873012264,-0.03362637362637333
1648844801.562912,0.04863813229571967,0.015873015873012264,-0.03494505494505473
1648844801.583915,0.04863813229571967,-0.047619047619051,-0.03494505494505473
1648844801.604789,0.04863813229571967,0.015873015873012264,-0.03494505494505473
1648844801.625665,0.04863813229571967,-0.047619047619051,-0.03494505494505473
1648844801.646539,0.04863813229571967,-0.015873015873012264,-0.03494505494505473
1648844801.667415,0.04863813229571967,0.015873015873012264,-0.03494505494505473
1648844801.68829,0.04863813229571967,-0.015873015873012264,-0.03494505494505473
1648844801.709293,0.04863813229571967,0.015873015873012264,-0.03494505494505473
1648844801.730042,0.04863813229571967,-0.047619047619051,-0.03494505494505473
1648844801.750915,0.04863813229571967,-0.015873015873012264,-0.03494505494505473
1648844801.771792,0.04863813229571967,-0.047619047619051,-0.03494505494505473
1648844801.792666,0.04863813229571967,-0.015873015873012264,-0.03494505494505473
1648844801.81354,0.04863813229571967,0.015873015873012264,-0.03626373626373658
1648844801.834417,0.04863813229571967,-0.015873015873012264,-0.03626373626373658
1648844801.855291,0.04863813229571967,-0.015873015873012264,-0.03626373626373658
1648844801.876168,0.04863813229571967,-0.047619047619051,-0.03626373626373658
1648844801.897044,0.04863813229571967,-0.015873015873012264,-0.03626373626373658
1648844801.917659,0.04825665674830226,-0.047619047619051,-0.03626373626373658
1648844801.938543,0.04825665674830226,0.07936507936507553,-0.03626373626373658
1648844801.959545,0.04825665674830226,-0.11111111111111427,-0.03626373626373658
1648844801.980294,0.04825665674830226,0.07936507936507553,-0.03626373626373658
1648844802.001295,0.04825665674830226,-0.015873015873012264,-0.03758241758241754
1648844802.022045,0.04825665674830226,-0.015873015873012264,-0.03758241758241754
1648844802.043044,0.04825665674830226,0.07936507936507553,-0.03758241758241754
1648844802.063921,0.04825665674830226,-0.047619047619051,-0.03758241758241754
1648844802.084796,0.04825665674830226,-0.015873015873012264,-0.03758241758241754
1648844802.105538,0.04825665674830226,-0.015873015873012264,-0.03758241758241754
1648844802.126423,0.04825665674830226,-0.015873015873012264,-0.03758241758241754
1648844802.147297,0.04825665674830226,-0.015873015873012264,-0.03758241758241754
1648844802.16817,0.04825665674830226,-0.015873015873012264,-0.03758241758241754
1648844802.189046,0.04825665674830226,-0.047619047619051,-0.03758241758241754
1648844802.209922,0.04825665674830226,-0.015873015873012264,-0.03758241758241754
1648844802.230799,0.04825665674830226,0.015873015873012264,-0.03758241758241754
1648844802.251673,0.04825665674830226,0.015873015873012264,-0.03890109890109894
1648844802.272552,0.04825665674830226,0.015873015873012264,-0.03890109890109894
1648844802.293422,0.04825665674830226,-0.047619047619051,-0.03890109890109894
1648844802.314922,0.04825665674830226,0.015873015873012264,-0.03758241758241754
1648844802.335798,0.04825665674830226,-0.015873015873012264,-0.03890109890109894
1648844802.356673,0.04825665674830226,0.015873015873012264,-0.03890109890109894
1648844802.377548,0.04825665674830226,0.015873015873012264,-0.03890109890109894
1648844802.398424,0.04825665674830226,-0.015873015873012264,-0.03890109890109894
1648844802.419299,0.04825665674830226,-0.015873015873012264,-0.03890109890109894
1648844802.440176,0.04825665674830226,-0.047619047619051,-0.03890109890109894
1648844802.461051,0.04825665674830226,0.015873015873012264,-0.03890109890109894
1648844802.4818,0.04825665674830226,-0.047619047619051,-0.03890109890109894
1648844802.502675,0.04825665674830226,0.015873015873012264,-0.04021978021978034
