Timestamp,POS,VEL,Torq
1648844821.166531,0.8611810482948048,-0.015873015873012264,-0.0006593406593404794
1648844821.187537,0.8512626840619522,0.1428571428571388,-0.004615384615384688
1648844821.208413,0.8508812085145347,0.07936507936507553,-0.01384615384615362
1648844821.229288,0.8417257953765169,-0.1428571428571388,-0.021758241758241592
1648844821.250162,0.8409628442816821,-0.015873015873012264,-0.02967032967033001
1648844821.271039,0.8318074311436643,-0.36507936507936734,-0.03230769230769237
1648844821.29204,0.8253223468375683,-0.8730158730158735,-0.02967032967033001
1648844821.312789,0.810063324940872,-0.2380952380952408,-0.021758241758241592
1648844821.333789,0.8001449607080193,0.07936507936507553,-0.01648351648351687
1648844821.354665,0.7928969253070886,-0.17460317460317754,-0.02043956043956019
1648844821.375667,0.7921339742122537,-0.047619047619051,-0.028351648351648162
1648844821.396542,0.7845044632639055,0.1428571428571388,-0.03362637362637333
1648844821.41729,0.7822156099794011,-0.047619047619051,-0.04021978021978034
1648844821.438167,0.7734416723888007,-0.015873015873012264,-0.0415384615384613
1648844821.459042,0.7627603570611132,-0.8412698412698347,-0.03626373626373658
1648844821.47992,0.7459754329747454,-0.49206349206349387,-0.01912087912087923
1648844821.500791,0.7444495307850758,-0.047619047619051,-0.02307692307692344
1648844821.521666,0.7341496910048058,0.2380952380952408,-0.0257142857142858
1648844821.542542,0.7349126420996406,0.1428571428571388,-0.03362637362637333
1648844821.563544,0.7314793621728839,-0.36507936507936734,-0.0415384615384613
1648844821.584292,0.7242313267719531,0.1428571428571388,-0.04021978021978034
1648844821.605294,0.7135500114442657,-0.1428571428571388,-0.04021978021978034
1648844821.626169,0.7063019760433349,-0.6825396825396837,-0.03758241758241754
1648844821.647045,0.6960021362630648,-0.26984126984126533,-0.03230769230769237
1648844821.668045,0.6929503318837256,-0.26984126984126533,-0.03362637362637333
1648844821.68892,0.6834134431982903,0.11111111111111427,-0.030989010989010968
1648844821.709795,0.6761654077973596,0.20634920634920206,-0.03230769230769237
1648844821.730669,0.6734950789654377,-0.26984126984126533,-0.03758241758241754
1648844821.751673,0.6685358968490114,0.11111111111111427,-0.03890109890109894
1648844821.772414,0.6658655680170895,0.1428571428571388,-0.04681318681318691
1648844821.792944,0.6582360570687413,-0.5555555555555571,-0.04945054945054972
1648844821.813561,0.6563286793316543,-0.047619047619051,-0.05076923076923068
1648844821.834301,0.6464103150988016,-0.4285714285714306,-0.05076923076923068
1648844821.855183,0.6334401464866097,-0.5555555555555571,-0.03626373626373658
1648844821.876057,0.6288624399176008,-0.11111111111111427,-0.03362637362637333
1648844821.896932,0.6242847333485919,-0.30158730158730407,-0.03758241758241754
1648844821.917933,0.6174181734950785,0.2380952380952408,-0.03626373626373658
1648844821.938682,0.6170366979476611,0.07936507936507553,-0.04813186813186787
1648844821.959683,0.6074998092622259,-0.39682539682539186,-0.04945054945054972
1648844821.980556,0.6040665293354692,-0.49206349206349387,-0.04549450549450551
1648844822.001431,0.5998702983138777,-0.047619047619051,-0.04681318681318691
1648844822.022307,0.5910963607232773,-0.6190476190476204,-0.04549450549450551
1648844822.043057,0.5846112764171814,-0.49206349206349387,-0.04021978021978034
1648844822.064058,0.5800335698481724,0.07936507936507553,-0.04021978021978034
1648844822.084564,0.5682078278782328,-0.11111111111111427,-0.04021978021978034
1648844822.105066,0.5670634012359805,-0.1428571428571388,-0.0415384615384613
1648844822.125797,0.5605783169298846,0.11111111111111427,-0.0415384615384613
1648844822.146675,0.5590524147402149,0.07936507936507553,-0.04681318681318691
1648844822.167677,0.554474708171206,-0.6507936507936449,-0.04813186813186787
1648844822.18855,0.5495155260547797,0.015873015873012264,-0.04681318681318691
1648844822.209668,0.5407415884641793,-0.26984126984126533,-0.04813186813186787
1648844822.230553,0.5384527351796748,-0.26984126984126533,-0.04813186813186787
1648844822.251425,0.5300602731364918,0.015873015873012264,-0.04417582417582411
1648844822.272302,0.5254825665674829,-0.5555555555555571,-0.0415384615384613
1648844822.293176,0.5197604333562218,-0.2380952380952408,-0.04021978021978034
1648844822.31405,0.5121309224078736,0.36507936507936734,-0.03626373626373658
1648844822.334926,0.5079346913862821,-0.1428571428571388,-0.03890109890109894
1648844822.355802,0.5033569848172732,0.07936507936507553,-0.03758241758241754
1648844822.376677,0.5029755092698558,0.07936507936507553,-0.04549450549450551
1648844822.397555,0.5006866559853513,-0.047619047619051,-0.05076923076923068
1648844822.418556,0.49229419394216833,0.07936507936507553,-0.04945054945054972
1648844822.439305,0.4911497672999161,-0.047619047619051,-0.05208791208791208
1648844822.46018,0.48428320744640274,-0.7777777777777715,-0.04813186813186787
1648844822.481182,0.4816128786144809,0.015873015873012264,-0.04945054945054972
1648844822.50193,0.47970550087739383,-0.17460317460317754,-0.05472527472527444
1648844822.522931,0.4613946746013582,-0.7460317460317469,-0.03758241758241754
1648844822.543806,0.4541466392004274,0.1428571428571388,-0.02307692307692344
1648844822.56468,0.4533836881055926,-0.047619047619051,-0.02967032967033001
1648844822.585556,0.4457541771572444,-0.26984126984126533,-0.02967032967033001
1648844822.606558,0.44651712825207923,-0.015873015873012264,-0.03494505494505473
1648844822.627433,0.4457541771572444,-0.015873015873012264,-0.03890109890109894
1648844822.648308,0.4404135194934007,-0.36507936507936734,-0.03890109890109894
1648844822.66918,0.4362172884718092,0.07936507936507553,-0.03626373626373658
1648844822.689932,0.43507286182955696,-0.1428571428571388,-0.04285714285714315
1648844822.710815,0.4331654840924699,-0.015873015873012264,-0.04945054945054972
1648844822.731683,0.43011367971313064,-0.39682539682539186,-0.05076923076923068
1648844822.752558,0.4240100709544521,0.07936507936507553,-0.04681318681318691
1648844822.77356,0.41790646219577354,-0.6825396825396837,-0.0415384615384613
1648844822.79431,0.4003585870145727,-0.8412698412698347,-0.02043956043956019
1648844822.814944,0.39730678263523345,-0.047619047619051,-0.015164835164835022
1648844822.835858,0.3957808804455638,-0.047619047619051,-0.02307692307692344
1648844822.856723,0.39387350270847676,0.1428571428571388,-0.02703296703296676
1648844822.877598,0.39387350270847676,0.015873015873012264,-0.03362637362637333
1648844822.898475,0.386625467307546,-0.30158730158730407,-0.03362637362637333
1648844822.91935,0.38471808957045894,-0.11111111111111427,-0.03230769230769237
1648844822.940099,0.3778515297169456,-0.26984126984126533,-0.028351648351648162
1648844822.961103,0.3778515297169456,0.11111111111111427,-0.030989010989010968
1648844822.981975,0.37747005416952817,-0.047619047619051,-0.03758241758241754
1648844823.002851,0.37670710307469335,0.015873015873012264,-0.04285714285714315
1648844823.023728,0.3702220187685974,-0.6507936507936449,-0.03890109890109894
1648844823.044602,0.36755168993667553,-0.1428571428571388,-0.03890109890109894
1648844823.065601,0.3660257877470059,-0.047619047619051,-0.04285714285714315
1648844823.086351,0.35610742351415325,-0.26984126984126533,-0.03890109890109894
1648844823.107054,0.35610742351415325,-0.015873015873012264,-0.03758241758241754
1648844823.127805,0.3500038147554747,-0.904761904761898,-0.030989010989010968
1648844823.148685,0.3370336461432828,0.20634920634920206,-0.01648351648351687
1648844823.169561,0.3374151216907002,0.015873015873012264,-0.02043956043956019
1648844823.190438,0.33512626840619575,-0.015873015873012264,-0.02307692307692344
1648844823.211315,0.33131151293202166,-0.047619047619051,-0.02307692307692344
1648844823.232314,0.33054856183718684,0.015873015873012264,-0.0257142857142858
1648844823.25319,0.3286411841000998,-0.11111111111111427,-0.028351648351648162
1648844823.274065,0.3198672465094994,-0.17460317460317754,-0.02307692307692344
1648844823.294939,0.3206301976043342,0.015873015873012264,-0.024395604395604398
1648844823.315816,0.3198672465094994,-0.015873015873012264,-0.02967032967033001
1648844823.336817,0.31948577096208197,-0.047619047619051,-0.03494505494505473
1648844823.35757,0.31872281986724715,-0.047619047619051,-0.03890109890109894
1648844823.378316,0.3126192111085686,-0.6190476190476204,-0.03362637362637333
1648844823.399318,0.30956740672922933,-0.047619047619051,-0.03362637362637333
1648844823.420191,0.3091859311818119,-0.015873015873012264,-0.03758241758241754
1648844823.441067,0.3076600289921423,0.015873015873012264,-0.04021978021978034
1648844823.461942,0.30689707789730747,-0.047619047619051,-0.04549450549450551
1648844823.482814,0.29774166475928965,-0.17460317460317754,-0.03890109890109894
1648844823.50382,0.2885862516212718,-0.49206349206349387,-0.02703296703296676
1648844823.524685,0.28057526512550623,-0.047619047619051,-0.01384615384615362
1648844823.545568,0.28133821622034105,0.11111111111111427,-0.01648351648351687
1648844823.566318,0.28095674067292364,-0.015873015873012264,-0.02043956043956019
1648844823.58732,0.28095674067292364,-0.047619047619051,-0.0257142857142858
1648844823.608195,0.2801937895780888,-0.047619047619051,-0.030989010989010968
1648844823.62907,0.2759975585564973,-0.4285714285714306,-0.028351648351648162
1648844823.649946,0.2706569008926536,0.2380952380952408,-0.02043956043956019
1648844823.670818,0.2702754253452362,0.07936507936507553,-0.0257142857142858
1648844823.691699,0.26951247425040137,0.015873015873012264,-0.028351648351648162
1648844823.712569,0.26913099870298396,-0.047619047619051,-0.03494505494505473
1648844823.733446,0.2664606698710621,-0.17460317460317754,-0.03494505494505473
1648844823.75432,0.2615014877546358,0.11111111111111427,-0.02703296703296676
1648844823.775196,0.26035706111238355,0.015873015873012264,-0.030989010989010968
1648844823.796072,0.2592126344701313,0.07936507936507553,-0.03362637362637333
1648844823.816946,0.2592126344701313,-0.047619047619051,-0.03890109890109894
1648844823.83782,0.2573052567330443,-0.17460317460317754,-0.0415384615384613
1648844823.858696,0.2508201724269483,0.07936507936507553,-0.03494505494505473
1648844823.879696,0.2500572213321135,0.07936507936507553,-0.03494505494505473
1648844823.900581,0.2485313191424421,-0.1428571428571388,-0.03758241758241754
1648844823.92145,0.24204623483634613,-0.015873015873012264,-0.03230769230769237
1648844823.942322,0.24242771038376354,0.07936507936507553,-0.03362637362637333
1648844823.963073,0.2405203326466765,-0.1428571428571388,-0.03494505494505473
1648844823.983948,0.23174639505607608,-0.6190476190476204,-0.02703296703296676
1648844824.004828,0.23098344396124126,0.015873015873012264,-0.0257142857142858
1648844824.025825,0.23098344396124126,-0.047619047619051,-0.028351648351648162
1648844824.046575,0.22716868848706717,-0.36507936507936734,-0.0257142857142858
1648844824.067574,0.2237354085603105,0.015873015873012264,-0.021758241758241592
1648844824.089318,0.22259098191805826,-0.1428571428571388,-0.0257142857142858
1648844824.110201,0.22144655527580603,-0.015873015873012264,-0.02703296703296676
1648844824.130949,0.22144655527580603,0.015873015873012264,-0.030989010989010968
1648844824.151825,0.22106507972838862,-0.015873015873012264,-0.03362637362637333
1648844824.172826,0.2199206530861364,-0.015873015873012264,-0.03626373626373658
1648844824.193702,0.21381704432745785,-0.6190476190476204,-0.03230769230769237
1648844824.214577,0.2122911421377882,-0.11111111111111427,-0.02967032967033001
1648844824.235577,0.2122911421377882,-0.015873015873012264,-0.03230769230769237
1648844824.256452,0.21114671549553599,0.07936507936507553,-0.03494505494505473
1648844824.277327,0.21076523994811858,0.015873015873012264,-0.03890109890109894
1648844824.298203,0.21000228885328376,0.015873015873012264,-0.04021978021978034
1648844824.319077,0.2031357289997704,-0.30158730158730407,-0.03626373626373658
1648844824.339953,0.2031357289997704,0.07936507936507553,-0.03362637362637333
1648844824.360828,0.20275425345235298,-0.015873015873012264,-0.03758241758241754
1648844824.381705,0.20275425345235298,0.015873015873012264,-0.04021978021978034
1648844824.402448,0.20237277790493557,-0.015873015873012264,-0.04285714285714315
1648844824.42333,0.20160982681010076,-0.11111111111111427,-0.04549450549450551
1648844824.444204,0.19665064469367444,-0.6190476190476204,-0.03890109890109894
1648844824.465079,0.19359884031433516,-0.11111111111111427,-0.03494505494505473
1648844824.486082,0.19321736476691775,-0.11111111111111427,-0.03890109890109894
1648844824.506954,0.19283588921950034,-0.015873015873012264,-0.0415384615384613
1648844824.527831,0.19245441367208294,0.015873015873012264,-0.04549450549450551
1648844824.548832,0.19207293812466553,-0.015873015873012264,-0.04681318681318691
1648844824.569705,0.19016556038757848,-0.11111111111111427,-0.04813186813186787
1648844824.590582,0.18101014724956066,-0.11111111111111427,-0.03626373626373658
1648844824.611456,0.18139162279697807,0.07936507936507553,-0.03758241758241754
1648844824.632332,0.17986572060730843,-0.1428571428571388,-0.03626373626373658
1648844824.653208,0.17299916075379507,0.26984126984126533,-0.028351648351648162
1648844824.674082,0.17338063630121248,0.015873015873012264,-0.030989010989010968
1648844824.694957,0.17223620965896025,-0.047619047619051,-0.030989010989010968
1648844824.715958,0.1707103074692906,-0.047619047619051,-0.03230769230769237
1648844824.736833,0.1665140764476991,-0.49206349206349387,-0.02703296703296676
1648844824.757709,0.16498817425802947,-0.047619047619051,-0.0257142857142858
1648844824.778584,0.16422522316319466,-0.11111111111111427,-0.028351648351648162
1648844824.799585,0.16384374761577725,-0.047619047619051,-0.02967032967033001
1648844824.820333,0.16384374761577725,0.015873015873012264,-0.03230769230769237
1648844824.841208,0.16346227206835984,0.015873015873012264,-0.03494505494505473
1648844824.862084,0.16308079652094243,-0.047619047619051,-0.03758241758241754
1648844824.882958,0.1619363698786902,0.015873015873012264,-0.03758241758241754
1648844824.903836,0.16079194323643797,-0.11111111111111427,-0.03890109890109894
1648844824.92471,0.15430685893034202,-0.2380952380952408,-0.03494505494505473
1648844824.945584,0.15468833447775943,0.015873015873012264,-0.03230769230769237
1648844824.966587,0.15430685893034202,-0.047619047619051,-0.03362637362637333
1648844824.987462,0.15430685893034202,0.015873015873012264,-0.03626373626373658
1648844825.008338,0.1539253833829246,-0.047619047619051,-0.03758241758241754
1648844825.029213,0.1535439078355072,0.015873015873012264,-0.04021978021978034
1648844825.050088,0.15278095674067238,-0.015873015873012264,-0.0415384615384613
1648844825.07096,0.15239948119325497,-0.015873015873012264,-0.04285714285714315
1648844825.091838,0.15125505455100274,-0.015873015873012264,-0.04417582417582411
1648844825.112711,0.1497291523613331,-0.2380952380952408,-0.04285714285714315
1648844825.13359,0.1451514457923242,0.11111111111111427,-0.03626373626373658
1648844825.154464,0.1447699702449068,-0.047619047619051,-0.03758241758241754
1648844825.175465,0.14438849469748938,-0.015873015873012264,-0.04021978021978034
1648844825.19634,0.14438849469748938,-0.047619047619051,-0.04285714285714315
1648844825.217213,0.14400701915007197,-0.015873015873012264,-0.04417582417582411
1648844825.238089,0.14362554360265456,-0.015873015873012264,-0.04681318681318691
1648844825.258963,0.14286259250781974,0.015873015873012264,-0.04813186813186787
1648844825.279841,0.14286259250781974,-0.015873015873012264,-0.04813186813186787
1648844825.30072,0.14248111696040233,0.015873015873012264,-0.04945054945054972
1648844825.321591,0.1413366903181501,-0.047619047619051,-0.05076923076923068
1648844825.342467,0.1371404592965586,-0.5555555555555571,-0.04549450549450551
1648844825.36334,0.13523308155947156,-0.11111111111111427,-0.04285714285714315
1648844825.384216,0.13485160601205415,-0.047619047619051,-0.04549450549450551
1648844825.405093,0.13408865491721933,-0.015873015873012264,-0.04549450549450551
1648844825.425967,0.13447013046463674,-0.015873015873012264,-0.04813186813186787
1648844825.446838,0.13408865491721933,-0.015873015873012264,-0.05076923076923068
1648844825.467843,0.13370717936980192,0.015873015873012264,-0.05208791208791208
1648844825.488718,0.1325627527275497,-0.015873015873012264,-0.05208791208791208
1648844825.509594,0.12989242389562783,-0.30158730158730407,-0.04813186813186787
1648844825.53047,0.12531471732661892,0.07936507936507553,-0.04021978021978034
1648844825.551218,0.12531471732661892,-0.11111111111111427,-0.04285714285714315
1648844825.572094,0.12378881513694928,-0.015873015873012264,-0.04285714285714315
1648844825.59297,0.12378881513694928,-0.047619047619051,-0.04417582417582411
1648844825.613968,0.12340733958953187,0.015873015873012264,-0.04549450549450551
1648844825.634842,0.12264438849469705,-0.047619047619051,-0.04681318681318691
1648844825.655719,0.11425192645151405,-0.36507936507936734,-0.03890109890109894
1648844825.676595,0.11425192645151405,0.015873015873012264,-0.03362637362637333
1648844825.69747,0.11348897535667923,-0.17460317460317754,-0.03494505494505473
1648844825.718472,0.10662241550316587,-0.17460317460317754,-0.028351648351648162
1648844825.739346,0.1077668421454181,0.07936507936507553,-0.02703296703296676
1648844825.760221,0.10738536659800069,-0.047619047619051,-0.02703296703296676
1648844825.781097,0.10700389105058328,0.015873015873012264,-0.028351648351648162
1648844825.801972,0.10700389105058328,0.015873015873012264,-0.030989010989010968
1648844825.822844,0.10662241550316587,-0.11111111111111427,-0.03230769230769237
1648844825.843848,0.10662241550316587,-0.047619047619051,-0.03362637362637333
1648844825.864722,0.10624093995574846,-0.047619047619051,-0.03494505494505473
1648844825.885598,0.10585946440833105,0.015873015873012264,-0.03626373626373658
1648844825.906599,0.10585946440833105,-0.015873015873012264,-0.03758241758241754
1648844825.927473,0.10547798886091364,-0.015873015873012264,-0.03890109890109894
1648844825.948347,0.10547798886091364,0.07936507936507553,-0.04021978021978034
1648844825.969223,0.10509651331349623,0.015873015873012264,-0.0415384615384613
1648844825.990098,0.10433356221866141,-0.047619047619051,-0.0415384615384613
1648844826.010972,0.103952086671244,-0.015873015873012264,-0.04285714285714315
1648844826.03185,0.1035706111238266,-0.015873015873012264,-0.04417582417582411
1648844826.052851,0.10318913557640919,-0.015873015873012264,-0.04417582417582411
1648844826.073726,0.10090028229190473,-0.30158730158730407,-0.0415384615384613
1648844826.094602,0.09746700236514805,0.015873015873012264,-0.03626373626373658
1648844826.115216,0.09746700236514805,-0.015873015873012264,-0.03626373626373658
1648844826.135973,0.09708552681773064,0.015873015873012264,-0.03890109890109894
1648844826.156595,0.09708552681773064,-0.11111111111111427,-0.04021978021978034
1648844826.177476,0.09708552681773064,-0.047619047619051,-0.0415384615384613
1648844826.198227,0.09670405127031323,0.015873015873012264,-0.04285714285714315
1648844826.219101,0.09632257572289582,-0.047619047619051,-0.04285714285714315
1648844826.240101,0.09632257572289582,0.015873015873012264,-0.04417582417582411
1648844826.260856,0.09632257572289582,-0.015873015873012264,-0.04549450549450551
1648844826.281728,0.09594110017547841,0.015873015873012264,-0.04549450549450551
1648844826.302605,0.095559624628061,0.015873015873012264,-0.04813186813186787
1648844826.323603,0.09479667353322618,-0.015873015873012264,-0.04813186813186787
1648844826.344477,0.09479667353322618,-0.015873015873012264,-0.04813186813186787
1648844826.365352,0.09403372243839137,-0.047619047619051,-0.04945054945054972
1648844826.386228,0.09098191805905209,-0.30158730158730407,-0.04549450549450551
1648844826.407102,0.08869306477454764,-0.11111111111111427,-0.0415384615384613
1648844826.42798,0.08869306477454764,-0.015873015873012264,-0.0415384615384613
1648844826.448854,0.08831158922713023,0.015873015873012264,-0.04285714285714315
1648844826.46973,0.08831158922713023,-0.015873015873012264,-0.04417582417582411
1648844826.490607,0.08831158922713023,-0.047619047619051,-0.04681318681318691
1648844826.511608,0.08793011367971282,-0.015873015873012264,-0.04681318681318691
1648844826.532355,0.08793011367971282,0.015873015873012264,-0.04681318681318691
1648844826.553229,0.08754863813229541,0.015873015873012264,-0.04945054945054972
1648844826.574106,0.08754863813229541,0.015873015873012264,-0.04945054945054972
1648844826.594981,0.08754863813229541,-0.015873015873012264,-0.04945054945054972
1648844826.615857,0.087167162584878,0.015873015873012264,-0.05076923076923068
1648844826.636734,0.087167162584878,0.015873015873012264,-0.05208791208791208
1648844826.657606,0.08678568703746059,-0.015873015873012264,-0.05208791208791208
1648844826.678607,0.08678568703746059,0.015873015873012264,-0.05340659340659348
1648844826.699483,0.08678568703746059,0.015873015873012264,-0.05472527472527444
1648844826.720233,0.08640421149004318,-0.015873015873012264,-0.05604395604395629
1648844826.741109,0.08564126039520836,-0.047619047619051,-0.05604395604395629
1648844826.761983,0.08525978484779095,0.015873015873012264,-0.05604395604395629
1648844826.782856,0.08449683375295614,-0.015873015873012264,-0.05604395604395629
1648844826.803735,0.0829709315632865,-0.17460317460317754,-0.05340659340659348
1648844826.824609,0.07839322499427759,0.11111111111111427,-0.04681318681318691
1648844826.845484,0.07839322499427759,-0.11111111111111427,-0.04549450549450551
1648844826.86636,0.07801174944686018,-0.015873015873012264,-0.04681318681318691
1648844826.887235,0.07801174944686018,-0.11111111111111427,-0.04813186813186787
1648844826.908111,0.07801174944686018,-0.015873015873012264,-0.04945054945054972
1648844826.928986,0.07801174944686018,-0.015873015873012264,-0.05076923076923068
1648844826.949861,0.07763027389944277,-0.015873015873012264,-0.05076923076923068
1648844826.970736,0.07763027389944277,0.07936507936507553,-0.05208791208791208
1648844826.991612,0.07763027389944277,-0.015873015873012264,-0.05340659340659348
1648844827.012614,0.07763027389944277,-0.015873015873012264,-0.05340659340659348
1648844827.033363,0.07724879835202536,0.015873015873012264,-0.05472527472527444
1648844827.054364,0.07724879835202536,-0.015873015873012264,-0.05472527472527444
1648844827.074998,0.07686732280460795,0.015873015873012264,-0.05604395604395629
1648844827.095634,0.07686732280460795,-0.015873015873012264,-0.05604395604395629
1648844827.116111,0.07686732280460795,-0.015873015873012264,-0.05736263736263725
1648844827.136736,0.07648584725719054,-0.047619047619051,-0.05736263736263725
1648844827.157853,0.07610437170977313,-0.015873015873012264,-0.05736263736263725
1648844827.178606,0.07610437170977313,-0.047619047619051,-0.05868131868131865
1648844827.199614,0.07572289616235572,0.015873015873012264,-0.05868131868131865
1648844827.220367,0.07572289616235572,0.015873015873012264,-0.06000000000000005
1648844827.241242,0.0745784695201035,-0.11111111111111427,-0.06000000000000005
1648844827.262116,0.07152666514076422,-0.4285714285714306,-0.05208791208791208
1648844827.282989,0.06694895857175531,-0.015873015873012264,-0.04417582417582411
1648844827.303991,0.06694895857175531,-0.047619047619051,-0.04681318681318691
1648844827.324865,0.0665674830243379,0.015873015873012264,-0.04549450549450551
1648844827.34574,0.06694895857175531,0.015873015873012264,-0.04813186813186787
1648844827.366616,0.06694895857175531,-0.015873015873012264,-0.04945054945054972
1648844827.387616,0.0665674830243379,-0.015873015873012264,-0.04945054945054972
1648844827.408491,0.0665674830243379,-0.015873015873012264,-0.04945054945054972
1648844827.429366,0.0661860074769205,0.015873015873012264,-0.04945054945054972
1648844827.450245,0.0661860074769205,0.015873015873012264,-0.05076923076923068
1648844827.471116,0.0661860074769205,0.015873015873012264,-0.05076923076923068
1648844827.492118,0.06580453192950309,-0.047619047619051,-0.05076923076923068
1648844827.512991,0.06542305638208568,-0.015873015873012264,-0.05208791208791208
1648844827.533867,0.06542305638208568,0.11111111111111427,-0.05208791208791208
1648844827.554743,0.06313420309758122,-0.2380952380952408,-0.04813186813186787
1648844827.575619,0.05741206988632008,0.07936507936507553,-0.03890109890109894
1648844827.59662,0.05741206988632008,-0.015873015873012264,-0.03890109890109894
1648844827.617369,0.056649118791485265,0.015873015873012264,-0.03890109890109894
1648844827.638245,0.057030594338902674,-0.015873015873012264,-0.04021978021978034
1648844827.659119,0.057030594338902674,-0.015873015873012264,-0.04021978021978034
1648844827.679995,0.057030594338902674,-0.015873015873012264,-0.04021978021978034
1648844827.70087,0.056649118791485265,0.015873015873012264,-0.0415384615384613
1648844827.721746,0.056649118791485265,0.015873015873012264,-0.0415384615384613
1648844827.742622,0.056649118791485265,-0.047619047619051,-0.04285714285714315
1648844827.763621,0.056649118791485265,-0.047619047619051,-0.04285714285714315
1648844827.784496,0.056267643244067855,-0.015873015873012264,-0.04417582417582411
1648844827.805245,0.055886167696650446,-0.015873015873012264,-0.04417582417582411
1648844827.826122,0.055886167696650446,-0.047619047619051,-0.04285714285714315
1648844827.847122,0.05550469214923304,-0.015873015873012264,-0.04417582417582411
1648844827.867999,0.05550469214923304,-0.015873015873012264,-0.04417582417582411
1648844827.888873,0.05512321660181563,-0.015873015873012264,-0.04417582417582411
1648844827.909747,0.05245288776989376,-0.30158730158730407,-0.04021978021978034
1648844827.930624,0.04901960784313708,-0.11111111111111427,-0.03230769230769237
1648844827.951624,0.04863813229571967,-0.11111111111111427,-0.03362637362637333
1648844827.972499,0.04863813229571967,0.015873015873012264,-0.03494505494505473
1648844827.993376,0.04863813229571967,-0.047619047619051,-0.03494505494505473
1648844828.014252,0.04863813229571967,0.015873015873012264,-0.03494505494505473
1648844828.035125,0.04863813229571967,-0.015873015873012264,-0.03494505494505473
1648844828.056,0.04863813229571967,-0.015873015873012264,-0.03626373626373658
1648844828.076875,0.04863813229571967,0.015873015873012264,-0.03758241758241754
1648844828.09775,0.04863813229571967,-0.015873015873012264,-0.03890109890109894
1648844828.118364,0.04863813229571967,0.015873015873012264,-0.03758241758241754
1648844828.139246,0.04825665674830226,-0.015873015873012264,-0.03890109890109894
1648844828.160126,0.04825665674830226,-0.015873015873012264,-0.03890109890109894
1648844828.181002,0.04825665674830226,-0.015873015873012264,-0.03890109890109894
1648844828.201875,0.04825665674830226,0.015873015873012264,-0.04021978021978034
1648844828.222783,0.04825665674830226,-0.015873015873012264,-0.04021978021978034
1648844828.243628,0.04787518120088485,-0.047619047619051,-0.04021978021978034
1648844828.264629,0.04787518120088485,0.015873015873012264,-0.0415384615384613
1648844828.285504,0.04787518120088485,-0.015873015873012264,-0.0415384615384613
1648844828.30638,0.04787518120088485,0.07936507936507553,-0.0415384615384613
1648844828.327295,0.04787518120088485,0.015873015873012264,-0.04285714285714315
1648844828.348002,0.047493705653467444,0.015873015873012264,-0.04285714285714315
1648844828.368879,0.047493705653467444,-0.11111111111111427,-0.04417582417582411
1648844828.389881,0.047493705653467444,-0.015873015873012264,-0.04417582417582411
1648844828.410786,0.047493705653467444,-0.015873015873012264,-0.04417582417582411
1648844828.431629,0.047493705653467444,-0.047619047619051,-0.04417582417582411
1648844828.452505,0.047493705653467444,0.07936507936507553,-0.04417582417582411
1648844828.473381,0.047112230106050035,-0.015873015873012264,-0.04549450549450551
1648844828.494254,0.047112230106050035,0.015873015873012264,-0.04549450549450551
1648844828.515131,0.047112230106050035,0.015873015873012264,-0.04549450549450551
1648844828.536131,0.046730754558632626,-0.015873015873012264,-0.04549450549450551
1648844828.557008,0.046730754558632626,0.015873015873012264,-0.04681318681318691
1648844828.577881,0.046730754558632626,-0.047619047619051,-0.04549450549450551
1648844828.598786,0.046349279011215216,-0.015873015873012264,-0.04681318681318691
1648844828.619632,0.046349279011215216,-0.047619047619051,-0.04681318681318691
1648844828.640633,0.046349279011215216,0.11111111111111427,-0.04681318681318691
1648844828.661383,0.04596780346379781,-0.047619047619051,-0.04681318681318691
1648844828.682385,0.0455863279163804,-0.015873015873012264,-0.04681318681318691
1648844828.70326,0.04520485236896299,-0.015873015873012264,-0.04681318681318691
1648844828.724133,0.04406042572671076,-0.17460317460317754,-0.04417582417582411
1648844828.745011,0.03948271915770185,0.07936507936507553,-0.03626373626373658
1648844828.765886,0.03948271915770185,-0.015873015873012264,-0.03626373626373658
1648844828.786792,0.03948271915770185,-0.11111111111111427,-0.03626373626373658
1648844828.807634,0.03948271915770185,-0.015873015873012264,-0.03758241758241754
1648844828.82851,0.03948271915770185,-0.047619047619051,-0.03758241758241754
1648844828.849386,0.03948271915770185,-0.11111111111111427,-0.03890109890109894
1648844828.870261,0.03910124361028444,-0.015873015873012264,-0.03890109890109894
1648844828.891136,0.03910124361028444,0.015873015873012264,-0.03758241758241754
1648844828.912011,0.03910124361028444,-0.047619047619051,-0.03890109890109894
1648844828.932886,0.03910124361028444,0.015873015873012264,-0.03890109890109894
1648844828.95376,0.03910124361028444,-0.015873015873012264,-0.04021978021978034
1648844828.974636,0.03910124361028444,-0.015873015873012264,-0.04021978021978034
1648844828.995638,0.03910124361028444,-0.015873015873012264,-0.04021978021978034
1648844829.016385,0.03910124361028444,-0.015873015873012264,-0.04021978021978034
1648844829.03739,0.03910124361028444,-0.015873015873012264,-0.0415384615384613
1648844829.058263,0.03910124361028444,-0.047619047619051,-0.0415384615384613
1648844829.079012,0.03910124361028444,-0.047619047619051,-0.0415384615384613
1648844829.099889,0.03910124361028444,-0.047619047619051,-0.0415384615384613
1648844829.12063,0.03871976806286703,-0.015873015873012264,-0.0415384615384613
1648844829.141513,0.03871976806286703,-0.015873015873012264,-0.04285714285714315
1648844829.162389,0.03871976806286703,-0.047619047619051,-0.04285714285714315
1648844829.183265,0.03871976806286703,0.015873015873012264,-0.04285714285714315
1648844829.20414,0.03871976806286703,-0.015873015873012264,-0.04285714285714315
1648844829.225141,0.03871976806286703,-0.015873015873012264,-0.04285714285714315
1648844829.24589,0.03871976806286703,-0.015873015873012264,-0.04417582417582411
1648844829.266797,0.03871976806286703,-0.015873015873012264,-0.04417582417582411
1648844829.287767,0.03833829251544962,-0.047619047619051,-0.04417582417582411
1648844829.308642,0.03833829251544962,-0.047619047619051,-0.04549450549450551
1648844829.329391,0.03833829251544962,-0.047619047619051,-0.04417582417582411
1648844829.350267,0.03833829251544962,-0.015873015873012264,-0.04549450549450551
1648844829.371142,0.03833829251544962,-0.015873015873012264,-0.04417582417582411
1648844829.39202,0.03833829251544962,-0.047619047619051,-0.04549450549450551
1648844829.412892,0.03833829251544962,-0.015873015873012264,-0.04549450549450551
1648844829.433767,0.03833829251544962,-0.015873015873012264,-0.04681318681318691
1648844829.454644,0.03833829251544962,0.07936507936507553,-0.04681318681318691
1648844829.475644,0.037956816968032214,0.015873015873012264,-0.04813186813186787
1648844829.496395,0.037956816968032214,0.015873015873012264,-0.04681318681318691
1648844829.51727,0.037956816968032214,0.015873015873012264,-0.04549450549450551
1648844829.538144,0.037956816968032214,-0.015873015873012264,-0.04681318681318691
1648844829.559019,0.037956816968032214,0.015873015873012264,-0.04813186813186787
1648844829.579895,0.037956816968032214,0.015873015873012264,-0.04813186813186787
1648844829.600896,0.037956816968032214,-0.015873015873012264,-0.04813186813186787
1648844829.621772,0.037956816968032214,-0.11111111111111427,-0.04813186813186787
1648844829.642647,0.037956816968032214,-0.015873015873012264,-0.04813186813186787
1648844829.663513,0.037956816968032214,-0.047619047619051,-0.04813186813186787
1648844829.684397,0.037956816968032214,-0.11111111111111427,-0.04945054945054972
1648844829.705145,0.037956816968032214,-0.047619047619051,-0.04945054945054972
1648844829.72615,0.037575341420614805,-0.015873015873012264,-0.04945054945054972
1648844829.746894,0.037575341420614805,-0.11111111111111427,-0.04945054945054972
1648844829.767897,0.037575341420614805,-0.015873015873012264,-0.04945054945054972
1648844829.788771,0.037575341420614805,-0.015873015873012264,-0.04945054945054972
1648844829.809645,0.037575341420614805,0.07936507936507553,-0.05076923076923068
1648844829.830522,0.037575341420614805,-0.015873015873012264,-0.05076923076923068
1648844829.851397,0.037575341420614805,-0.047619047619051,-0.04945054945054972
1648844829.872272,0.037575341420614805,0.015873015873012264,-0.05076923076923068
1648844829.89315,0.037575341420614805,0.015873015873012264,-0.04945054945054972
1648844829.914023,0.037575341420614805,-0.015873015873012264,-0.05076923076923068
1648844829.934776,0.037575341420614805,0.015873015873012264,-0.05076923076923068
1648844829.955648,0.037193865873197396,-0.047619047619051,-0.05076923076923068
1648844829.976524,0.037193865873197396,-0.1428571428571388,-0.05076923076923068
1648844829.997399,0.037193865873197396,0.015873015873012264,-0.05208791208791208
1648844830.018276,0.037193865873197396,-0.047619047619051,-0.05208791208791208
1648844830.039152,0.037193865873197396,0.015873015873012264,-0.05208791208791208
1648844830.060025,0.037193865873197396,-0.015873015873012264,-0.05208791208791208
1648844830.080899,0.03681239032577999,-0.047619047619051,-0.05208791208791208
1648844830.101774,0.03681239032577999,-0.015873015873012264,-0.05340659340659348
1648844830.122393,0.03681239032577999,-0.015873015873012264,-0.05208791208791208
1648844830.143277,0.03681239032577999,0.015873015873012264,-0.05340659340659348
1648844830.16415,0.03681239032577999,-0.015873015873012264,-0.05208791208791208
1648844830.185025,0.03681239032577999,0.015873015873012264,-0.05208791208791208
1648844830.205901,0.03681239032577999,-0.015873015873012264,-0.05340659340659348
1648844830.226796,0.03681239032577999,-0.015873015873012264,-0.05340659340659348
1648844830.247653,0.03681239032577999,-0.047619047619051,-0.05340659340659348
1648844830.268528,0.03681239032577999,0.015873015873012264,-0.05340659340659348
1648844830.289403,0.03681239032577999,-0.015873015873012264,-0.05340659340659348
1648844830.310279,0.03681239032577999,-0.015873015873012264,-0.05340659340659348
1648844830.331155,0.03643091477836258,0.015873015873012264,-0.05340659340659348
1648844830.352028,0.03643091477836258,-0.047619047619051,-0.05472527472527444
1648844830.372904,0.03643091477836258,-0.015873015873012264,-0.05340659340659348
1648844830.393779,0.03643091477836258,0.07936507936507553,-0.05340659340659348
1648844830.414654,0.03643091477836258,0.015873015873012264,-0.05472527472527444
