Timestamp,POS,VEL,Torq
1648844889.220404,0.8611810482948048,-0.015873015873012264,-0.0006593406593404794
1648844889.241275,0.8508812085145347,1.095238095238102,0.005934065934066091
1648844889.262149,0.8424887464713517,0.7460317460317469,-0.0006593406593404794
1648844889.283024,0.8390554665445951,0.39682539682539186,-0.01648351648351687
1648844889.303901,0.8302815289539947,0.20634920634920206,-0.021758241758241592
1648844889.324901,0.8215075913633942,-0.6190476190476204,-0.02307692307692344
1648844889.345776,0.811970702677959,-0.30158730158730407,-0.015164835164835022
1648844889.36665,0.8024338139925238,0.07936507936507553,-0.011208791208791258
1648844889.38765,0.7955672541390104,-0.39682539682539186,-0.015164835164835022
1648844889.408526,0.793278400854506,0.11111111111111427,-0.02703296703296676
1648844889.429401,0.7833600366216533,0.6507936507936449,-0.02307692307692344
1648844889.450403,0.7742046234836355,0.39682539682539186,-0.024395604395604398
1648844889.471278,0.7658121614404525,-0.7460317460317469,-0.02043956043956019
1648844889.492154,0.7646677347982003,-0.047619047619051,-0.03494505494505473
1648844889.513307,0.7482642862592499,-0.1428571428571388,-0.011208791208791258
1648844889.534069,0.7452124818799106,0.2380952380952408,-0.01912087912087923
1648844889.554942,0.735294117647058,0.46031746031745513,-0.015164835164835022
1648844889.575818,0.7280460822461272,-0.047619047619051,-0.01912087912087923
1648844889.596567,0.7272831311512924,0.1428571428571388,-0.03362637362637333
1648844889.617442,0.7177462424658572,-0.015873015873012264,-0.03362637362637333
1648844889.638443,0.7131685358968483,0.07936507936507553,-0.03758241758241754
1648844889.659442,0.703631647211413,0.11111111111111427,-0.030989010989010968
1648844889.680565,0.6925688563363082,-0.015873015873012264,-0.017802197802197828
1648844889.701442,0.686846723125047,0.2380952380952408,-0.02043956043956019
1648844889.722444,0.6822690165560381,-0.11111111111111427,-0.02703296703296676
1648844889.743322,0.6773098344396118,0.36507936507936734,-0.028351648351648162
1648844889.76432,0.6692988479438462,0.7142857142857082,-0.02967032967033001
1648844889.785194,0.6651026169222547,0.2380952380952408,-0.03626373626373658
1648844889.80607,0.6570916304264891,0.36507936507936734,-0.03758241758241754
1648844889.82703,0.6525139238574802,-0.26984126984126533,-0.0415384615384613
1648844889.847524,0.6475547417410539,0.07936507936507553,-0.04285714285714315
1648844889.868146,0.6368734264133664,0.11111111111111427,-0.03626373626373658
1648844889.88891,0.6284809643701834,-0.4285714285714306,-0.03230769230769237
1648844889.90979,0.6273365377279312,-0.11111111111111427,-0.03890109890109894
1648844889.930668,0.6181811245899134,0.49206349206349387,-0.03230769230769237
1648844889.951666,0.6120775158312348,-0.26984126984126533,-0.03362637362637333
1648844889.972544,0.6097886625467304,0.07936507936507553,-0.04021978021978034
1648844889.993419,0.60101472495613,-0.015873015873012264,-0.03758241758241754
1648844890.014406,0.5991073472190429,0.20634920634920206,-0.04681318681318691
1648844890.035295,0.5895704585336077,-0.17460317460317754,-0.04285714285714315
1648844890.056168,0.5853742275120162,-0.30158730158730407,-0.04021978021978034
1648844890.077045,0.579652094300755,0.2380952380952408,-0.03626373626373658
1648844890.097919,0.5704966811627372,0.49206349206349387,-0.02967032967033001
1648844890.118803,0.5647745479514761,-0.11111111111111427,-0.02967032967033001
1648844890.139145,0.5621042191195542,0.1428571428571388,-0.03626373626373658
1648844890.159903,0.5567635614557105,-0.047619047619051,-0.0415384615384613
1648844890.180657,0.5521858548867016,0.46031746031745513,-0.03890109890109894
1648844890.201535,0.544174868390936,-0.36507936507936734,-0.03626373626373658
1648844890.222412,0.5418860151064315,0.07936507936507553,-0.0415384615384613
1648844890.243412,0.5361638818951704,-0.26984126984126533,-0.0415384615384613
1648844890.264286,0.5308232242313267,0.39682539682539186,-0.03890109890109894
1648844890.285162,0.5216678110933088,0.11111111111111427,-0.03362637362637333
1648844890.306037,0.5155642023346303,-0.36507936507936734,-0.02703296703296676
1648844890.326911,0.5136568245975432,0.07936507936507553,-0.03362637362637333
1648844890.347916,0.510605020218204,0.015873015873012264,-0.0415384615384613
1648844890.368788,0.5029755092698558,0.5238095238095184,-0.03626373626373658
1648844890.389663,0.5014496070801862,0.2380952380952408,-0.04549450549450551
1648844890.410664,0.49267566948958574,-0.015873015873012264,-0.04021978021978034
1648844890.43154,0.4919127183947509,0.2380952380952408,-0.04681318681318691
1648844890.452415,0.48428320744640274,-0.30158730158730407,-0.04285714285714315
1648844890.47329,0.4831387808041505,0.015873015873012264,-0.04945054945054972
1648844890.494166,0.4736018921187153,-0.11111111111111427,-0.04021978021978034
1648844890.51504,0.47169451438162824,-0.015873015873012264,-0.0415384615384613
1648844890.536041,0.46025024795910596,0.015873015873012264,-0.02043956043956019
1648844890.556918,0.45605401693751446,0.2380952380952408,-0.01648351648351687
1648844890.577792,0.45490959029526223,-0.015873015873012264,-0.0257142857142858
1648844890.598665,0.45147631036850555,0.11111111111111427,-0.03230769230769237
1648844890.619665,0.4457541771572444,0.39682539682539186,-0.030989010989010968
1648844890.640542,0.44384679942015737,0.20634920634920206,-0.03626373626373658
1648844890.661416,0.4362172884718092,0.26984126984126533,-0.030989010989010968
1648844890.682417,0.4358358129243918,0.11111111111111427,-0.03890109890109894
1648844890.703168,0.4335469596398873,0.11111111111111427,-0.04681318681318691
1648844890.724042,0.4255359731441217,0.20634920634920206,-0.04021978021978034
1648844890.745044,0.4243915465018695,0.11111111111111427,-0.04549450549450551
1648844890.765917,0.4152361333638517,-0.5238095238095184,-0.03362637362637333
1648844890.786803,0.4121843289845124,-0.11111111111111427,-0.030989010989010968
1648844890.807794,0.40608072022583386,0.2380952380952408,-0.021758241758241592
1648844890.828668,0.3988326848249031,-0.047619047619051,-0.015164835164835022
1648844890.849796,0.39730678263523345,0.07936507936507553,-0.017802197802197828
1648844890.870663,0.3961623559929812,-0.015873015873012264,-0.02703296703296676
1648844890.891541,0.3877698939497982,0.1428571428571388,-0.01912087912087923
1648844890.912419,0.3877698939497982,0.11111111111111427,-0.024395604395604398
1648844890.933293,0.38509956511787635,0.07936507936507553,-0.030989010989010968
1648844890.954169,0.3786144808117804,0.26984126984126533,-0.024395604395604398
1648844890.975045,0.378233005264363,0.11111111111111427,-0.03230769230769237
1648844890.996046,0.37594415197985853,-0.015873015873012264,-0.03758241758241754
1648844891.01692,0.36869611657892776,0.11111111111111427,-0.030989010989010968
1648844891.037796,0.36831464103151035,0.1428571428571388,-0.03758241758241754
1648844891.058671,0.3660257877470059,-0.047619047619051,-0.04285714285714315
1648844891.079671,0.3580148012512403,0.11111111111111427,-0.03230769230769237
1648844891.100547,0.35648889906157066,0.1428571428571388,-0.03626373626373658
1648844891.121421,0.34733348592355284,-0.6507936507936449,-0.024395604395604398
1648844891.142417,0.34695201037613543,0.07936507936507553,-0.024395604395604398
1648844891.163434,0.33970397497520466,-0.4285714285714306,-0.01648351648351687
1648844891.184424,0.33894102388036984,0.015873015873012264,-0.01912087912087923
1648844891.205173,0.3374151216907002,-0.11111111111111427,-0.0257142857142858
1648844891.226049,0.33093003738460425,0.3333333333333286,-0.01648351648351687
1648844891.246922,0.329785610742352,0.2380952380952408,-0.02043956043956019
1648844891.267926,0.3286411841000998,0.11111111111111427,-0.02703296703296676
1648844891.288673,0.321393148699169,0.11111111111111427,-0.01912087912087923
1648844891.309674,0.3210116731517516,0.11111111111111427,-0.024395604395604398
1648844891.330422,0.3198672465094994,-0.11111111111111427,-0.030989010989010968
1648844891.351299,0.3171969176775775,0.11111111111111427,-0.03494505494505473
1648844891.372175,0.31071183337148156,0.2380952380952408,-0.02703296703296676
1648844891.393051,0.31071183337148156,0.07936507936507553,-0.030989010989010968
1648844891.414053,0.3088044556343945,-0.015873015873012264,-0.03626373626373658
1648844891.434925,0.3049897001602204,-0.1428571428571388,-0.03494505494505473
1648844891.455802,0.3007934691386289,0.20634920634920206,-0.02703296703296676
1648844891.476801,0.2988860914015419,0.07936507936507553,-0.03230769230769237
1648844891.497677,0.28973067826352406,0.1428571428571388,-0.015164835164835022
1648844891.518551,0.29011215381094146,0.20634920634920206,-0.021758241758241592
1648844891.539426,0.287823300526437,-0.015873015873012264,-0.0257142857142858
1648844891.560428,0.28133821622034105,0.2380952380952408,-0.015164835164835022
1648844891.581302,0.28133821622034105,0.20634920634920206,-0.01912087912087923
1648844891.602177,0.279430838483254,0.015873015873012264,-0.024395604395604398
1648844891.623052,0.2740901808194103,-0.17460317460317754,-0.01912087912087923
1648844891.643928,0.27256427862974064,0.07936507936507553,-0.017802197802197828
1648844891.664804,0.2714198519874884,-0.047619047619051,-0.024395604395604398
1648844891.68568,0.2698939497978188,0.11111111111111427,-0.028351648351648162
1648844891.706681,0.2672236209658969,-0.015873015873012264,-0.030989010989010968
1648844891.727554,0.262645914396888,0.39682539682539186,-0.02307692307692344
1648844891.748429,0.2622644388494706,0.20634920634920206,-0.0257142857142858
1648844891.769305,0.26035706111238355,0.015873015873012264,-0.03230769230769237
1648844891.79018,0.2584496833752965,0.11111111111111427,-0.03494505494505473
1648844891.811056,0.2538719768062876,-0.36507936507936734,-0.03230769230769237
1648844891.832056,0.25272755016403536,-0.015873015873012264,-0.03230769230769237
1648844891.852929,0.2512016479743657,-0.047619047619051,-0.03494505494505473
1648844891.873806,0.2489127946898595,0.1428571428571388,-0.03758241758241754
1648844891.894683,0.24395361257343318,-0.2380952380952408,-0.03230769230769237
1648844891.915682,0.24280918593118095,-0.1428571428571388,-0.030989010989010968
1648844891.936557,0.2412832837415113,-0.015873015873012264,-0.03362637362637333
1648844891.957557,0.2367055771725024,-0.17460317460317754,-0.02703296703296676
1648844891.978432,0.23365377279316313,0.015873015873012264,-0.01912087912087923
1648844891.999308,0.2325093461509109,-0.11111111111111427,-0.024395604395604398
1648844892.020309,0.23060196841382385,0.1428571428571388,-0.0257142857142858
1648844892.041186,0.22716868848706717,-0.17460317460317754,-0.0257142857142858
1648844892.062061,0.2241168841077279,0.1428571428571388,-0.017802197802197828
1648844892.082934,0.22259098191805826,-0.1428571428571388,-0.02307692307692344
1648844892.10381,0.22144655527580603,0.015873015873012264,-0.0257142857142858
1648844892.124684,0.22068360418097122,-0.015873015873012264,-0.03230769230769237
1648844892.146432,0.21915770199130158,-0.047619047619051,-0.03494505494505473
1648844892.167312,0.21343556878004044,-0.015873015873012264,-0.02703296703296676
1648844892.18806,0.21305409323262303,0.07936507936507553,-0.028351648351648162
1648844892.20893,0.2122911421377882,0.015873015873012264,-0.03230769230769237
1648844892.229554,0.2115281910429534,-0.015873015873012264,-0.03626373626373658
1648844892.250437,0.20962081330586635,-0.015873015873012264,-0.03890109890109894
1648844892.271435,0.20466163118944003,-0.015873015873012264,-0.030989010989010968
1648844892.292438,0.20428015564202262,0.07936507936507553,-0.030989010989010968
1648844892.313187,0.2035172045471878,-0.015873015873012264,-0.03626373626373658
1648844892.334062,0.20275425345235298,-0.015873015873012264,-0.0415384615384613
1648844892.355064,0.20199130235751817,0.015873015873012264,-0.04549450549450551
1648844892.375937,0.19741359578850926,-0.39682539682539186,-0.03890109890109894
1648844892.396812,0.19436179140916998,-0.047619047619051,-0.030989010989010968
1648844892.417689,0.19359884031433516,-0.047619047619051,-0.03626373626373658
1648844892.438563,0.19321736476691775,0.015873015873012264,-0.04021978021978034
1648844892.459563,0.19245441367208294,-0.015873015873012264,-0.04549450549450551
1648844892.48044,0.1913099870298307,-0.015873015873012264,-0.04945054945054972
1648844892.501314,0.1829175249866477,-0.26984126984126533,-0.03362637362637333
1648844892.522188,0.18329900053406512,0.07936507936507553,-0.030989010989010968
1648844892.543065,0.1825360494392303,-0.015873015873012264,-0.03626373626373658
1648844892.564067,0.1821545738918129,0.07936507936507553,-0.03890109890109894
1648844892.58494,0.18024719615472584,0.015873015873012264,-0.04021978021978034
1648844892.605815,0.17338063630121248,-0.17460317460317754,-0.028351648351648162
1648844892.626691,0.17261768520637766,0.1428571428571388,-0.024395604395604398
1648844892.647567,0.17261768520637766,0.015873015873012264,-0.028351648351648162
1648844892.668567,0.1703288319218732,0.07936507936507553,-0.02967032967033001
1648844892.68944,0.16880292973220357,-0.1428571428571388,-0.02967032967033001
1648844892.710318,0.1657511253528643,0.015873015873012264,-0.02043956043956019
1648844892.731192,0.16460669871061206,-0.11111111111111427,-0.02307692307692344
1648844892.752067,0.16384374761577725,-0.047619047619051,-0.028351648351648162
1648844892.772944,0.16346227206835984,-0.047619047619051,-0.03230769230769237
1648844892.793818,0.16308079652094243,-0.015873015873012264,-0.03626373626373658
1648844892.814819,0.1615548943312728,-0.047619047619051,-0.03758241758241754
1648844892.835694,0.15545128557259424,-0.30158730158730407,-0.02703296703296676
1648844892.856568,0.15583276112001165,0.07936507936507553,-0.0257142857142858
1648844892.877445,0.15506981002517684,0.015873015873012264,-0.028351648351648162
1648844892.898446,0.15468833447775943,0.015873015873012264,-0.03362637362637333
1648844892.919193,0.1539253833829246,-0.11111111111111427,-0.03758241758241754
1648844892.94007,0.1535439078355072,-0.015873015873012264,-0.04021978021978034
1648844892.960946,0.15239948119325497,0.015873015873012264,-0.0415384615384613
1648844892.98182,0.15087357900358533,0.07936507936507553,-0.0415384615384613
1648844893.002828,0.14629587243457642,-0.26984126984126533,-0.03626373626373658
1648844893.023564,0.14591439688715901,0.07936507936507553,-0.03362637362637333
1648844893.044447,0.1455329213397416,0.07936507936507553,-0.03626373626373658
1648844893.065321,0.1451514457923242,-0.015873015873012264,-0.03890109890109894
1648844893.086067,0.14438849469748938,-0.015873015873012264,-0.04417582417582411
1648844893.106434,0.14400701915007197,-0.047619047619051,-0.04681318681318691
1648844893.126937,0.14286259250781974,-0.015873015873012264,-0.04813186813186787
1648844893.147436,0.14248111696040233,0.11111111111111427,-0.04945054945054972
1648844893.168324,0.13981078812848047,-0.1428571428571388,-0.04813186813186787
1648844893.189072,0.1367589837491412,0.11111111111111427,-0.03758241758241754
1648844893.209948,0.13599603265430638,-0.015873015873012264,-0.04021978021978034
1648844893.230826,0.13523308155947156,-0.015873015873012264,-0.04285714285714315
1648844893.251824,0.13485160601205415,0.015873015873012264,-0.04681318681318691
1648844893.272699,0.13447013046463674,-0.047619047619051,-0.04945054945054972
1648844893.293573,0.13370717936980192,-0.015873015873012264,-0.05076923076923068
1648844893.314448,0.13179980163271487,-0.015873015873012264,-0.05076923076923068
1648844893.33545,0.1287479972533756,-0.4285714285714306,-0.04285714285714315
1648844893.356451,0.12645914396887115,-0.047619047619051,-0.03626373626373658
1648844893.377326,0.12569619287403633,-0.015873015873012264,-0.03890109890109894
1648844893.3982,0.12531471732661892,-0.015873015873012264,-0.0415384615384613
1648844893.419076,0.12531471732661892,-0.015873015873012264,-0.04549450549450551
1648844893.439952,0.12417029068436669,-0.047619047619051,-0.04681318681318691
1648844893.460826,0.12111848630502742,-0.26984126984126533,-0.04021978021978034
1648844893.481702,0.11768520637827073,0.1428571428571388,-0.0257142857142858
1648844893.502577,0.11654077973601851,-0.047619047619051,-0.028351648351648162
1648844893.523578,0.11577782864118369,-0.047619047619051,-0.02967032967033001
1648844893.544454,0.11539635309376628,0.015873015873012264,-0.03362637362637333
1648844893.565329,0.11501487754634887,-0.015873015873012264,-0.03758241758241754
1648844893.586328,0.11425192645151405,0.015873015873012264,-0.03758241758241754
1648844893.607203,0.11310749980926182,0.015873015873012264,-0.03758241758241754
1648844893.628206,0.10891126878767032,-0.36507936507936734,-0.028351648351648162
1648844893.649079,0.10738536659800069,-0.11111111111111427,-0.0257142857142858
1648844893.669953,0.10738536659800069,-0.015873015873012264,-0.0257142857142858
1648844893.690828,0.10700389105058328,-0.047619047619051,-0.02967032967033001
1648844893.711831,0.10662241550316587,-0.015873015873012264,-0.03362637362637333
1648844893.732705,0.10624093995574846,-0.015873015873012264,-0.03494505494505473
1648844893.75358,0.10547798886091364,-0.015873015873012264,-0.03626373626373658
1648844893.774456,0.10547798886091364,-0.015873015873012264,-0.03890109890109894
1648844893.795456,0.10509651331349623,-0.015873015873012264,-0.0415384615384613
1648844893.816457,0.10471503776607882,-0.015873015873012264,-0.04285714285714315
1648844893.837207,0.10242618448157437,-0.047619047619051,-0.04021978021978034
1648844893.858085,0.10013733119706991,-0.17460317460317754,-0.03494505494505473
1648844893.878956,0.09861142900740028,-0.11111111111111427,-0.030989010989010968
1648844893.899957,0.09861142900740028,-0.015873015873012264,-0.03230769230769237
1648844893.920832,0.09822995345998287,-0.015873015873012264,-0.03626373626373658
1648844893.941831,0.09784847791256546,-0.11111111111111427,-0.03890109890109894
1648844893.962457,0.09746700236514805,-0.015873015873012264,-0.04021978021978034
1648844893.983457,0.09670405127031323,0.015873015873012264,-0.0415384615384613
1648844894.004334,0.09632257572289582,-0.047619047619051,-0.04285714285714315
1648844894.025208,0.09594110017547841,-0.015873015873012264,-0.04549450549450551
1648844894.046083,0.09594110017547841,0.015873015873012264,-0.04681318681318691
1648844894.066959,0.09479667353322618,-0.015873015873012264,-0.04813186813186787
1648844894.087835,0.09365224689097396,0.015873015873012264,-0.04681318681318691
1648844894.108834,0.09021896696421727,-0.2380952380952408,-0.03890109890109894
1648844894.129581,0.08983749141679986,-0.047619047619051,-0.03758241758241754
1648844894.149968,0.08945601586938245,0.015873015873012264,-0.03890109890109894
1648844894.170581,0.08907454032196505,-0.047619047619051,-0.04021978021978034
1648844894.191459,0.08907454032196505,-0.11111111111111427,-0.04285714285714315
1648844894.212461,0.08869306477454764,-0.015873015873012264,-0.04549450549450551
1648844894.233336,0.08831158922713023,-0.047619047619051,-0.04549450549450551
1648844894.254214,0.08793011367971282,-0.015873015873012264,-0.04813186813186787
1648844894.27509,0.08754863813229541,-0.015873015873012264,-0.04945054945054972
1648844894.295963,0.087167162584878,-0.047619047619051,-0.05076923076923068
1648844894.316838,0.08678568703746059,-0.015873015873012264,-0.05208791208791208
1648844894.337713,0.08640421149004318,-0.015873015873012264,-0.05472527472527444
1648844894.358715,0.08602273594262577,0.015873015873012264,-0.05472527472527444
1648844894.379589,0.08487830930037354,0.07936507936507553,-0.05472527472527444
1648844894.400464,0.08335240711070391,-0.11111111111111427,-0.05208791208791208
1648844894.421339,0.07953765163652982,0.1428571428571388,-0.04021978021978034
1648844894.442213,0.07953765163652982,-0.015873015873012264,-0.04021978021978034
1648844894.463089,0.0791561760891124,-0.047619047619051,-0.04285714285714315
1648844894.483967,0.0791561760891124,-0.015873015873012264,-0.04417582417582411
1648844894.504963,0.078774700541695,-0.047619047619051,-0.04681318681318691
1648844894.52584,0.07839322499427759,-0.047619047619051,-0.04813186813186787
1648844894.546715,0.07801174944686018,-0.015873015873012264,-0.04945054945054972
1648844894.567715,0.07801174944686018,-0.015873015873012264,-0.05208791208791208
1648844894.588591,0.07763027389944277,-0.015873015873012264,-0.05208791208791208
1648844894.609467,0.07724879835202536,-0.015873015873012264,-0.05340659340659348
1648844894.630342,0.07724879835202536,0.07936507936507553,-0.05604395604395629
1648844894.651218,0.07686732280460795,-0.015873015873012264,-0.05736263736263725
1648844894.672219,0.07648584725719054,0.07936507936507553,-0.05736263736263725
1648844894.693094,0.07572289616235572,0.015873015873012264,-0.05868131868131865
1648844894.713966,0.07534142061493831,-0.015873015873012264,-0.05868131868131865
1648844894.734842,0.07419699397268609,-0.1428571428571388,-0.05868131868131865
1648844894.755718,0.07190814068818163,-0.36507936507936734,-0.04945054945054972
1648844894.776593,0.06885633630884236,-0.11111111111111427,-0.03890109890109894
1648844894.797468,0.06809338521400754,-0.11111111111111427,-0.0415384615384613
1648844894.818471,0.06809338521400754,-0.015873015873012264,-0.0415384615384613
1648844894.839337,0.06809338521400754,-0.015873015873012264,-0.04549450549450551
1648844894.860219,0.06771190966659013,-0.047619047619051,-0.04549450549450551
1648844894.881093,0.06733043411917272,-0.015873015873012264,-0.04549450549450551
1648844894.90197,0.06733043411917272,-0.047619047619051,-0.04813186813186787
1648844894.922842,0.06694895857175531,0.015873015873012264,-0.04945054945054972
1648844894.943845,0.06694895857175531,-0.11111111111111427,-0.04945054945054972
1648844894.964721,0.0661860074769205,-0.015873015873012264,-0.05076923076923068
1648844894.985596,0.06580453192950309,-0.047619047619051,-0.05076923076923068
1648844895.00647,0.06580453192950309,-0.015873015873012264,-0.05208791208791208
1648844895.02747,0.06427862973983345,-0.11111111111111427,-0.04945054945054972
1648844895.048349,0.05893797207598972,-0.1428571428571388,-0.03494505494505473
1648844895.069221,0.05893797207598972,0.07936507936507553,-0.03362637362637333
1648844895.090097,0.05893797207598972,-0.015873015873012264,-0.03362637362637333
1648844895.110971,0.05893797207598972,-0.047619047619051,-0.03494505494505473
1648844895.131714,0.05855649652857231,-0.015873015873012264,-0.03758241758241754
1648844895.152094,0.05855649652857231,-0.015873015873012264,-0.03758241758241754
1648844895.172874,0.0581750209811549,0.015873015873012264,-0.03758241758241754
1648844895.193594,0.0581750209811549,0.015873015873012264,-0.04021978021978034
1648844895.214473,0.05779354543373749,-0.015873015873012264,-0.0415384615384613
1648844895.235475,0.05741206988632008,-0.015873015873012264,-0.0415384615384613
1648844895.256477,0.05741206988632008,0.015873015873012264,-0.0415384615384613
1648844895.277468,0.057030594338902674,-0.11111111111111427,-0.04417582417582411
1648844895.298224,0.056649118791485265,0.015873015873012264,-0.04417582417582411
1648844895.319267,0.055886167696650446,-0.015873015873012264,-0.04417582417582411
1648844895.3401,0.05550469214923304,-0.015873015873012264,-0.04417582417582411
1648844895.360977,0.05550469214923304,-0.015873015873012264,-0.04417582417582411
1648844895.381851,0.0539787899595634,-0.1428571428571388,-0.0415384615384613
1648844895.402727,0.05016403448538931,0.11111111111111427,-0.028351648351648162
1648844895.423726,0.05016403448538931,-0.015873015873012264,-0.028351648351648162
1648844895.4446,0.0497825589379719,-0.015873015873012264,-0.02967032967033001
1648844895.465476,0.0497825589379719,-0.047619047619051,-0.030989010989010968
1648844895.486478,0.0497825589379719,-0.015873015873012264,-0.03230769230769237
1648844895.507228,0.04940108339055449,0.07936507936507553,-0.03362637362637333
1648844895.528227,0.04940108339055449,0.015873015873012264,-0.03362637362637333
1648844895.549105,0.04940108339055449,-0.015873015873012264,-0.03494505494505473
1648844895.569978,0.04901960784313708,0.015873015873012264,-0.03758241758241754
1648844895.590852,0.04863813229571967,-0.047619047619051,-0.03758241758241754
1648844895.611855,0.04863813229571967,0.07936507936507553,-0.03890109890109894
1648844895.632728,0.04863813229571967,0.015873015873012264,-0.04021978021978034
1648844895.653605,0.04825665674830226,-0.11111111111111427,-0.04021978021978034
1648844895.67448,0.04825665674830226,0.015873015873012264,-0.0415384615384613
1648844895.695481,0.04787518120088485,-0.015873015873012264,-0.04285714285714315
1648844895.716598,0.04787518120088485,-0.015873015873012264,-0.04285714285714315
1648844895.737483,0.047493705653467444,-0.015873015873012264,-0.04417582417582411
1648844895.758356,0.047493705653467444,-0.015873015873012264,-0.04417582417582411
1648844895.779232,0.047493705653467444,0.07936507936507553,-0.04417582417582411
1648844895.800106,0.047112230106050035,-0.015873015873012264,-0.04549450549450551
1648844895.820981,0.046730754558632626,-0.015873015873012264,-0.04549450549450551
1648844895.841982,0.046349279011215216,-0.047619047619051,-0.04681318681318691
1648844895.862856,0.046349279011215216,-0.015873015873012264,-0.04681318681318691
1648844895.883856,0.046349279011215216,0.015873015873012264,-0.04681318681318691
1648844895.904733,0.04596780346379781,-0.015873015873012264,-0.04681318681318691
1648844895.925608,0.0455863279163804,-0.11111111111111427,-0.04681318681318691
1648844895.946483,0.04444190127412817,-0.11111111111111427,-0.04549450549450551
1648844895.967484,0.04062714579995408,-0.047619047619051,-0.03362637362637333
1648844895.988364,0.04062714579995408,0.015873015873012264,-0.03362637362637333
1648844896.00911,0.04024567025253667,-0.015873015873012264,-0.03230769230769237
1648844896.030112,0.04062714579995408,-0.047619047619051,-0.03494505494505473
1648844896.050988,0.04024567025253667,-0.047619047619051,-0.03626373626373658
1648844896.071859,0.04024567025253667,-0.015873015873012264,-0.03626373626373658
1648844896.092735,0.03986419470511926,-0.015873015873012264,-0.03626373626373658
1648844896.113611,0.03986419470511926,-0.015873015873012264,-0.03758241758241754
1648844896.134485,0.03986419470511926,-0.015873015873012264,-0.03890109890109894
1648844896.155489,0.03948271915770185,-0.11111111111111427,-0.03890109890109894
1648844896.176102,0.03986419470511926,0.015873015873012264,-0.04021978021978034
1648844896.196859,0.03948271915770185,0.015873015873012264,-0.04021978021978034
1648844896.217737,0.03948271915770185,-0.11111111111111427,-0.04021978021978034
1648844896.238612,0.03910124361028444,0.015873015873012264,-0.0415384615384613
1648844896.259612,0.03910124361028444,-0.047619047619051,-0.04285714285714315
1648844896.280489,0.03910124361028444,-0.015873015873012264,-0.04285714285714315
1648844896.301361,0.03871976806286703,-0.11111111111111427,-0.04417582417582411
1648844896.322238,0.03871976806286703,0.015873015873012264,-0.04549450549450551
1648844896.343114,0.03871976806286703,-0.047619047619051,-0.04549450549450551
1648844896.363988,0.03871976806286703,-0.015873015873012264,-0.04549450549450551
1648844896.384991,0.03833829251544962,0.015873015873012264,-0.04681318681318691
1648844896.405738,0.03833829251544962,-0.11111111111111427,-0.04813186813186787
1648844896.426615,0.03833829251544962,0.07936507936507553,-0.04813186813186787
1648844896.447614,0.037956816968032214,-0.015873015873012264,-0.04813186813186787
1648844896.468491,0.037956816968032214,-0.015873015873012264,-0.04945054945054972
1648844896.489364,0.037956816968032214,-0.11111111111111427,-0.04945054945054972
1648844896.510241,0.037956816968032214,-0.015873015873012264,-0.04945054945054972
1648844896.531116,0.037575341420614805,-0.015873015873012264,-0.05076923076923068
1648844896.552114,0.037575341420614805,0.015873015873012264,-0.05208791208791208
1648844896.572992,0.037575341420614805,-0.015873015873012264,-0.05208791208791208
1648844896.593867,0.037193865873197396,-0.015873015873012264,-0.05340659340659348
1648844896.614741,0.037193865873197396,-0.015873015873012264,-0.05340659340659348
1648844896.635741,0.037193865873197396,0.015873015873012264,-0.05340659340659348
1648844896.656621,0.03681239032577999,0.015873015873012264,-0.05472527472527444
1648844896.677492,0.03643091477836258,-0.047619047619051,-0.05472527472527444
1648844896.698494,0.03643091477836258,-0.11111111111111427,-0.05340659340659348
1648844896.719243,0.03643091477836258,-0.015873015873012264,-0.05340659340659348
1648844896.740246,0.03643091477836258,-0.015873015873012264,-0.05340659340659348
1648844896.761118,0.03604943923094517,0.015873015873012264,-0.05472527472527444
1648844896.781993,0.03528648813611035,-0.015873015873012264,-0.05472527472527444
1648844896.802867,0.03528648813611035,-0.015873015873012264,-0.05472527472527444
1648844896.823871,0.03490501258869294,-0.047619047619051,-0.05472527472527444
1648844896.844746,0.03490501258869294,-0.015873015873012264,-0.05472527472527444
1648844896.865627,0.03376058594644071,-0.11111111111111427,-0.05076923076923068
1648844896.886497,0.03185320820935367,0.015873015873012264,-0.04285714285714315
1648844896.907373,0.03147173266193626,-0.047619047619051,-0.0415384615384613
1648844896.928245,0.03109025711451885,-0.015873015873012264,-0.04285714285714315
1648844896.949121,0.03109025711451885,0.015873015873012264,-0.04285714285714315
1648844896.969997,0.03109025711451885,-0.015873015873012264,-0.04417582417582411
1648844896.99087,0.03070878156710144,0.015873015873012264,-0.04417582417582411
1648844897.01187,0.03070878156710144,-0.015873015873012264,-0.04549450549450551
1648844897.033115,0.03070878156710144,-0.015873015873012264,-0.04549450549450551
1648844897.053998,0.03070878156710144,-0.047619047619051,-0.04549450549450551
1648844897.074998,0.03070878156710144,-0.047619047619051,-0.04549450549450551
1648844897.095873,0.03032730601968403,-0.047619047619051,-0.04681318681318691
1648844897.116748,0.03032730601968403,-0.047619047619051,-0.04681318681318691
1648844897.137623,0.03032730601968403,-0.015873015873012264,-0.04681318681318691
1648844897.15863,0.03032730601968403,-0.047619047619051,-0.04813186813186787
1648844897.179624,0.02994583047226662,0.015873015873012264,-0.04813186813186787
1648844897.200499,0.02994583047226662,-0.015873015873012264,-0.04813186813186787
1648844897.221501,0.02994583047226662,-0.015873015873012264,-0.04945054945054972
1648844897.242376,0.02994583047226662,-0.015873015873012264,-0.04945054945054972
1648844897.26325,0.029564354924849212,0.015873015873012264,-0.04945054945054972
1648844897.284124,0.029564354924849212,-0.015873015873012264,-0.04945054945054972
1648844897.305,0.029564354924849212,-0.015873015873012264,-0.05076923076923068
1648844897.325876,0.029564354924849212,-0.015873015873012264,-0.05076923076923068
1648844897.346877,0.029564354924849212,0.015873015873012264,-0.05208791208791208
1648844897.367752,0.029182879377431803,-0.015873015873012264,-0.05208791208791208
1648844897.388634,0.029182879377431803,-0.11111111111111427,-0.05340659340659348
1648844897.409501,0.029182879377431803,-0.11111111111111427,-0.05208791208791208
1648844897.430502,0.029182879377431803,0.015873015873012264,-0.05208791208791208
1648844897.451504,0.029182879377431803,0.015873015873012264,-0.05340659340659348
1648844897.472495,0.029182879377431803,-0.047619047619051,-0.05340659340659348
1648844897.493503,0.028801403830014394,-0.015873015873012264,-0.05472527472527444
1648844897.514377,0.028801403830014394,0.015873015873012264,-0.05472527472527444
1648844897.535253,0.028801403830014394,-0.015873015873012264,-0.05472527472527444
1648844897.556129,0.028801403830014394,-0.11111111111111427,-0.05604395604395629
1648844897.577003,0.028801403830014394,-0.015873015873012264,-0.05604395604395629
1648844897.597878,0.028419928282596985,-0.1428571428571388,-0.05604395604395629
1648844897.618779,0.028419928282596985,-0.015873015873012264,-0.05604395604395629
1648844897.639755,0.028419928282596985,-0.015873015873012264,-0.05604395604395629
1648844897.66063,0.028419928282596985,0.015873015873012264,-0.05604395604395629
1648844897.681504,0.028419928282596985,-0.015873015873012264,-0.05736263736263725
1648844897.702505,0.028038452735179575,-0.047619047619051,-0.05868131868131865
1648844897.723256,0.028038452735179575,-0.015873015873012264,-0.05736263736263725
1648844897.744256,0.028038452735179575,-0.015873015873012264,-0.05868131868131865
1648844897.765132,0.028038452735179575,-0.11111111111111427,-0.06000000000000005
1648844897.786005,0.028038452735179575,0.07936507936507553,-0.05868131868131865
1648844897.806879,0.028038452735179575,-0.015873015873012264,-0.06000000000000005
1648844897.827883,0.028038452735179575,-0.047619047619051,-0.05868131868131865
1648844897.848756,0.028038452735179575,-0.015873015873012264,-0.05868131868131865
1648844897.869758,0.027656977187762166,0.015873015873012264,-0.06000000000000005
1648844897.890634,0.027656977187762166,0.015873015873012264,-0.06000000000000005
1648844897.911508,0.027656977187762166,-0.047619047619051,-0.06000000000000005
1648844897.932383,0.027656977187762166,0.015873015873012264,-0.06131868131868101
1648844897.953259,0.027275501640344757,-0.015873015873012264,-0.06131868131868101
1648844897.974134,0.027275501640344757,-0.015873015873012264,-0.06000000000000005
1648844897.995135,0.027275501640344757,0.015873015873012264,-0.06131868131868101
1648844898.016008,0.027275501640344757,-0.047619047619051,-0.06131868131868101
1648844898.036885,0.027275501640344757,-0.015873015873012264,-0.06131868131868101
1648844898.05776,0.026894026092927348,0.015873015873012264,-0.06131868131868101
1648844898.078636,0.026894026092927348,-0.015873015873012264,-0.06131868131868101
1648844898.099635,0.026894026092927348,-0.047619047619051,-0.06263736263736286
1648844898.120509,0.026894026092927348,0.015873015873012264,-0.06263736263736286
1648844898.141512,0.026894026092927348,-0.047619047619051,-0.06263736263736286
1648844898.162128,0.026894026092927348,-0.015873015873012264,-0.06263736263736286
1648844898.183136,0.02651255054550994,-0.015873015873012264,-0.06263736263736286
1648844898.204012,0.02651255054550994,-0.047619047619051,-0.06263736263736286
1648844898.224887,0.02651255054550994,0.07936507936507553,-0.06263736263736286
1648844898.245762,0.02613107499809253,-0.015873015873012264,-0.06395604395604426
1648844898.266638,0.02613107499809253,-0.047619047619051,-0.06263736263736286
1648844898.287636,0.02613107499809253,-0.015873015873012264,-0.06263736263736286
1648844898.308512,0.02613107499809253,-0.015873015873012264,-0.06263736263736286
1648844898.329388,0.02574959945067512,0.015873015873012264,-0.06395604395604426
1648844898.350509,0.02574959945067512,-0.047619047619051,-0.06395604395604426
1648844898.371514,0.02574959945067512,-0.047619047619051,-0.06395604395604426
1648844898.392263,0.02536812390325771,-0.015873015873012264,-0.06395604395604426
1648844898.413265,0.02536812390325771,0.07936507936507553,-0.06395604395604426
1648844898.434014,0.02536812390325771,0.015873015873012264,-0.06263736263736286
1648844898.455015,0.02536812390325771,-0.047619047619051,-0.06263736263736286
1648844898.47589,0.024605172808422893,-0.047619047619051,-0.06131868131868101
