Timestamp,POS,VEL,Torq
1648844762.169911,0.8611810482948048,0.015873015873012264,-0.0006593406593404794
1648844762.190801,0.8600366216525526,0.07936507936507553,-0.004615384615384688
1648844762.211787,0.8577477683680481,-0.2380952380952408,-0.007252747252747049
1648844762.232538,0.8524071107042044,0.26984126984126533,-0.008571428571428452
1648844762.253541,0.852025635156787,0.07936507936507553,-0.01252747252747266
1648844762.274414,0.8516441596093696,-0.015873015873012264,-0.01648351648351687
1648844762.295163,0.8504997329671173,-0.015873015873012264,-0.021758241758241592
1648844762.316039,0.8478294041351955,-0.26984126984126533,-0.02307692307692344
1648844762.336914,0.8424887464713517,0.2380952380952408,-0.024395604395604398
1648844762.357788,0.8421072709239343,0.07936507936507553,-0.028351648351648162
1648844762.378665,0.8413443198290995,-0.015873015873012264,-0.03230769230769237
1648844762.399541,0.8405813687342647,-0.015873015873012264,-0.03494505494505473
1648844762.420415,0.837148088807508,-0.4285714285714306,-0.03626373626373658
1648844762.44129,0.8257038223849857,-0.6825396825396837,-0.03230769230769237
1648844762.462165,0.8058670939192805,-1.253968253968253,-0.028351648351648162
1648844762.483041,0.7883192187380796,-0.6507936507936449,-0.02703296703296676
1648844762.503917,0.7837415121690707,-0.047619047619051,-0.0257142857142858
1648844762.524791,0.7841229877164881,0.015873015873012264,-0.02967032967033001
1648844762.545666,0.7852674143587404,0.07936507936507553,-0.03494505494505473
1648844762.566659,0.7856488899061578,-0.047619047619051,-0.03626373626373658
1648844762.587542,0.784885938811323,-0.11111111111111427,-0.04021978021978034
1648844762.608417,0.7757305256733051,-0.904761904761898,-0.04021978021978034
1648844762.629292,0.7673380636301221,-0.8412698412698347,-0.03494505494505473
1648844762.650169,0.7509346150911735,-0.904761904761898,-0.03494505494505473
1648844762.671083,0.7307164110780491,-0.6190476190476204,-0.030989010989010968
1648844762.691824,0.7265201800564576,0.015873015873012264,-0.028351648351648162
1648844762.712833,0.7261387045090402,0.07936507936507553,-0.03230769230769237
1648844762.733834,0.726901655603875,0.11111111111111427,-0.03626373626373658
1648844762.754585,0.7272831311512924,-0.11111111111111427,-0.03890109890109894
1648844762.77546,0.7265201800564576,-0.1428571428571388,-0.0415384615384613
1648844762.796338,0.7234683756771183,-0.17460317460317754,-0.04285714285714315
1648844762.81721,0.7146944380865179,0.015873015873012264,-0.04681318681318691
1648844762.838085,0.7154573891813527,0.015873015873012264,-0.04681318681318691
1648844762.858962,0.7146944380865179,-0.047619047619051,-0.04813186813186787
1648844762.879832,0.7139314869916831,0.015873015873012264,-0.05076923076923068
1648844762.900835,0.7074464026855871,-0.8730158730158735,-0.04945054945054972
1648844762.921587,0.6895170519569689,-1.2857142857142847,-0.04285714285714315
1648844762.942464,0.6654840924696721,-0.8412698412698347,-0.04417582417582411
1648844762.963339,0.6563286793316543,0.11111111111111427,-0.03626373626373658
1648844762.984339,0.6570916304264891,0.11111111111111427,-0.03890109890109894
1648844763.005211,0.6586175326161587,0.1428571428571388,-0.04285714285714315
1648844763.025965,0.6601434348058284,-0.047619047619051,-0.04417582417582411
1648844763.046913,0.6589990081635761,-0.047619047619051,-0.04681318681318691
1648844763.067288,0.6567101548790717,-0.11111111111111427,-0.04945054945054972
1648844763.087786,0.6536583504997324,-0.30158730158730407,-0.04945054945054972
1648844763.108595,0.6467917906462191,0.1428571428571388,-0.05076923076923068
1648844763.12943,0.6467917906462191,0.015873015873012264,-0.05340659340659348
1648844763.1503,0.6433585107194624,-0.6507936507936449,-0.04813186813186787
1648844763.17105,0.6242847333485919,-0.7460317460317469,-0.05076923076923068
1648844763.191925,0.6086442359044781,-0.39682539682539186,-0.04681318681318691
1648844763.212802,0.6067368581673911,-0.2380952380952408,-0.04285714285714315
1648844763.233675,0.5975814450293733,0.11111111111111427,-0.04417582417582411
1648844763.254551,0.6006332494087125,0.1428571428571388,-0.04549450549450551
1648844763.275425,0.60101472495613,-0.015873015873012264,-0.04813186813186787
1648844763.296302,0.6002517738612951,-0.047619047619051,-0.04945054945054972
1648844763.317178,0.5979629205767907,-0.047619047619051,-0.05208791208791208
1648844763.338052,0.5968184939345385,-0.047619047619051,-0.05340659340659348
1648844763.358926,0.5910963607232773,-0.5238095238095184,-0.05208791208791208
1648844763.379803,0.5891889829861903,-0.1428571428571388,-0.05340659340659348
1648844763.400804,0.5815594720378421,-1.253968253968253,-0.04681318681318691
1648844763.421553,0.5582894636453801,-0.904761904761898,-0.05076923076923068
1648844763.442429,0.5487525749599449,0.11111111111111427,-0.04285714285714315
1648844763.463429,0.544174868390936,-0.7777777777777715,-0.03890109890109894
1648844763.484306,0.5388342107270923,0.11111111111111427,-0.04285714285714315
1648844763.505054,0.5426489662012663,0.11111111111111427,-0.04417582417582411
1648844763.525929,0.5418860151064315,-0.11111111111111427,-0.04681318681318691
1648844763.546803,0.5411230640115967,0.07936507936507553,-0.04945054945054972
1648844763.567807,0.5395971618219271,0.015873015873012264,-0.05076923076923068
1648844763.588681,0.5395971618219271,-0.1428571428571388,-0.05208791208791208
1648844763.609557,0.5369268329900052,-0.30158730158730407,-0.05208791208791208
1648844763.630431,0.5281528953994048,-0.26984126984126533,-0.05076923076923068
1648844763.651307,0.5102235446707866,-0.8412698412698347,-0.04945054945054972
1648844763.672182,0.4945830472266728,-0.7777777777777715,-0.04021978021978034
1648844763.693061,0.4911497672999161,-0.047619047619051,-0.03890109890109894
1648844763.713933,0.4911497672999161,0.11111111111111427,-0.0415384615384613
1648844763.734804,0.49343862058442056,0.11111111111111427,-0.04417582417582411
1648844763.755809,0.49382009613183797,-0.11111111111111427,-0.04681318681318691
1648844763.776558,0.49267566948958574,-0.11111111111111427,-0.04813186813186787
1648844763.797432,0.48924238956282906,-0.36507936507936734,-0.04813186813186787
1648844763.818307,0.4835202563515679,0.20634920634920206,-0.04813186813186787
1648844763.839184,0.48390173189898533,0.07936507936507553,-0.04945054945054972
1648844763.860058,0.4835202563515679,-0.047619047619051,-0.05076923076923068
1648844763.880802,0.4831387808041505,-0.015873015873012264,-0.05340659340659348
1648844763.901684,0.4827573052567331,-0.047619047619051,-0.05472527472527444
1648844763.922558,0.4823758297093157,-0.015873015873012264,-0.05604395604395629
1648844763.943435,0.4781795986877242,-0.6190476190476204,-0.05208791208791208
1648844763.964311,0.4587243457694363,-1.253968253968253,-0.04813186813186787
1648844763.985185,0.43430991073472214,-0.7777777777777715,-0.04417582417582411
1648844764.00606,0.42210269321736504,-0.39682539682539186,-0.03494505494505473
1648844764.026935,0.40531776913099904,-1.253968253968253,-0.02703296703296676
1648844764.048558,0.3873884184023808,-0.11111111111111427,-0.0257142857142858
1648844764.06918,0.38853284504463304,-0.015873015873012264,-0.02307692307692344
1648844764.09018,0.3870069428549634,-0.047619047619051,-0.024395604395604398
1648844764.110801,0.3873884184023808,-0.015873015873012264,-0.0257142857142858
1648844764.131938,0.3877698939497982,0.015873015873012264,-0.02703296703296676
1648844764.152687,0.3873884184023808,-0.015873015873012264,-0.02967032967033001
1648844764.173563,0.3870069428549634,0.015873015873012264,-0.02967032967033001
1648844764.194432,0.3870069428549634,-0.047619047619051,-0.030989010989010968
1648844764.214927,0.3870069428549634,-0.015873015873012264,-0.03362637362637333
1648844764.235553,0.386625467307546,0.015873015873012264,-0.03494505494505473
1648844764.256313,0.3862439917601286,-0.015873015873012264,-0.03626373626373658
1648844764.277188,0.38586251621271117,0.015873015873012264,-0.03890109890109894
1648844764.298065,0.38548104066529376,-0.015873015873012264,-0.03890109890109894
1648844764.318808,0.3839551384756241,-0.1428571428571388,-0.04021978021978034
1648844764.339817,0.37670710307469335,0.015873015873012264,-0.04021978021978034
1648844764.360565,0.37670710307469335,-0.015873015873012264,-0.03890109890109894
1648844764.381565,0.37632562752727594,0.015873015873012264,-0.04021978021978034
1648844764.402442,0.37594415197985853,0.015873015873012264,-0.04021978021978034
1648844764.423443,0.37594415197985853,-0.015873015873012264,-0.04285714285714315
1648844764.444192,0.37594415197985853,-0.047619047619051,-0.04417582417582411
1648844764.465067,0.3736552986953541,-0.2380952380952408,-0.04417582417582411
1648844764.485942,0.3667887388418407,-0.015873015873012264,-0.04417582417582411
1648844764.506685,0.3667887388418407,-0.047619047619051,-0.04417582417582411
1648844764.527568,0.36449988555733626,-0.36507936507936734,-0.04417582417582411
1648844764.548444,0.3545815213244836,-0.36507936507936734,-0.0415384615384613
1648844764.569193,0.3366521705958654,-0.7777777777777715,-0.03890109890109894
1648844764.590067,0.31872281986724715,-0.904761904761898,-0.02967032967033001
1648844764.610942,0.3080415045395597,-0.11111111111111427,-0.0257142857142858
1648844764.631946,0.3091859311818119,0.07936507936507553,-0.024395604395604398
1648844764.652818,0.31109330891889897,0.11111111111111427,-0.02703296703296676
1648844764.673694,0.3126192111085686,0.015873015873012264,-0.028351648351648162
1648844764.694568,0.3114747844663164,-0.11111111111111427,-0.028351648351648162
1648844764.715444,0.31033035782406415,0.015873015873012264,-0.02967032967033001
1648844764.736319,0.30994888227664674,-0.015873015873012264,-0.030989010989010968
1648844764.757195,0.31033035782406415,-0.047619047619051,-0.03230769230769237
1648844764.77807,0.31071183337148156,-0.015873015873012264,-0.03362637362637333
1648844764.798944,0.31033035782406415,-0.015873015873012264,-0.03362637362637333
1648844764.819822,0.30956740672922933,0.015873015873012264,-0.03494505494505473
1648844764.840823,0.30956740672922933,-0.11111111111111427,-0.03626373626373658
1648844764.861571,0.30956740672922933,0.015873015873012264,-0.03758241758241754
1648844764.882573,0.30956740672922933,0.015873015873012264,-0.03890109890109894
1648844764.903448,0.3091859311818119,-0.015873015873012264,-0.04021978021978034
1648844764.924323,0.3088044556343945,-0.047619047619051,-0.0415384615384613
1648844764.945201,0.3088044556343945,-0.015873015873012264,-0.0415384615384613
1648844764.966072,0.3084229800869771,-0.047619047619051,-0.04285714285714315
1648844764.986818,0.3080415045395597,-0.015873015873012264,-0.04285714285714315
1648844765.007825,0.3076600289921423,-0.015873015873012264,-0.04417582417582411
1648844765.028449,0.30231937132829856,-0.8412698412698347,-0.03890109890109894
1648844765.049324,0.28477149614709774,-1.253968253968253,-0.03362637362637333
1648844765.070067,0.2630273899443054,-0.8412698412698347,-0.02703296703296676
1648844765.091826,0.2546349279011224,-0.5238095238095184,-0.021758241758241592
1648844765.112575,0.25158312352178314,-0.11111111111111427,-0.021758241758241592
1648844765.13345,0.2534905012588702,0.1428571428571388,-0.024395604395604398
1648844765.154325,0.25577935454337464,0.11111111111111427,-0.0257142857142858
1648844765.1752,0.26073853665980096,0.11111111111111427,-0.028351648351648162
1648844765.196075,0.25997558556496614,0.015873015873012264,-0.02967032967033001
1648844765.21695,0.25959411001754873,-0.11111111111111427,-0.030989010989010968
1648844765.237818,0.25997558556496614,0.07936507936507553,-0.03230769230769237
1648844765.258576,0.25997558556496614,-0.047619047619051,-0.03362637362637333
1648844765.279452,0.25959411001754873,-0.047619047619051,-0.03362637362637333
1648844765.300327,0.2592126344701313,-0.015873015873012264,-0.03494505494505473
1648844765.321203,0.2592126344701313,-0.047619047619051,-0.03494505494505473
1648844765.342077,0.2576867322804617,-0.047619047619051,-0.03494505494505473
1648844765.362951,0.25158312352178314,0.11111111111111427,-0.03626373626373658
1648844765.383828,0.25158312352178314,-0.047619047619051,-0.03494505494505473
1648844765.404704,0.2512016479743657,-0.015873015873012264,-0.03494505494505473
1648844765.425581,0.2512016479743657,-0.11111111111111427,-0.03626373626373658
1648844765.446455,0.2512016479743657,-0.015873015873012264,-0.03758241758241754
1648844765.467456,0.2512016479743657,-0.047619047619051,-0.03758241758241754
1648844765.488205,0.2508201724269483,-0.047619047619051,-0.03890109890109894
1648844765.509205,0.2508201724269483,-0.047619047619051,-0.04021978021978034
1648844765.529955,0.2504386968795309,-0.047619047619051,-0.04021978021978034
1648844765.550829,0.2500572213321135,0.015873015873012264,-0.0415384615384613
1648844765.571832,0.2500572213321135,0.015873015873012264,-0.0415384615384613
1648844765.592833,0.24967574578469431,-0.047619047619051,-0.04285714285714315
1648844765.613582,0.2489127946898595,-0.2380952380952408,-0.0415384615384613
1648844765.634458,0.23975738155184168,-0.5238095238095184,-0.0415384615384613
1648844765.655208,0.22335393301289308,-0.904761904761898,-0.03230769230769237
1648844765.676083,0.21114671549553599,-0.49206349206349387,-0.030989010989010968
1648844765.696957,0.21000228885328376,-0.015873015873012264,-0.02703296703296676
1648844765.717832,0.21038376440070117,0.015873015873012264,-0.028351648351648162
1648844765.738833,0.21343556878004044,0.2380952380952408,-0.02967032967033001
1648844765.75971,0.21381704432745785,-0.047619047619051,-0.030989010989010968
1648844765.780459,0.21267261768520562,0.015873015873012264,-0.030989010989010968
1648844765.801461,0.2115281910429534,-0.047619047619051,-0.03230769230769237
1648844765.822333,0.2115281910429534,0.015873015873012264,-0.03362637362637333
1648844765.84321,0.2119096665903708,0.07936507936507553,-0.03230769230769237
1648844765.864087,0.2122911421377882,0.015873015873012264,-0.03362637362637333
1648844765.884835,0.2119096665903708,-0.015873015873012264,-0.03494505494505473
1648844765.905837,0.2115281910429534,-0.047619047619051,-0.03626373626373658
1648844765.926586,0.21114671549553599,-0.047619047619051,-0.03626373626373658
1648844765.947584,0.21114671549553599,0.015873015873012264,-0.03626373626373658
1648844765.968461,0.2115281910429534,0.015873015873012264,-0.03758241758241754
1648844765.989336,0.21114671549553599,-0.047619047619051,-0.03758241758241754
1648844766.010212,0.21038376440070117,-0.047619047619051,-0.03758241758241754
1648844766.031087,0.20962081330586635,-0.11111111111111427,-0.03758241758241754
1648844766.051961,0.2035172045471878,-0.26984126984126533,-0.03890109890109894
1648844766.073205,0.2038986800946052,0.015873015873012264,-0.03758241758241754
1648844766.094089,0.2035172045471878,-0.015873015873012264,-0.03758241758241754
1648844766.114836,0.2035172045471878,0.015873015873012264,-0.03758241758241754
1648844766.135836,0.2035172045471878,-0.015873015873012264,-0.03890109890109894
1648844766.156712,0.2035172045471878,-0.015873015873012264,-0.03890109890109894
1648844766.177589,0.2035172045471878,0.015873015873012264,-0.04021978021978034
1648844766.198465,0.2031357289997704,-0.1428571428571388,-0.04021978021978034
1648844766.219471,0.20275425345235298,-0.015873015873012264,-0.0415384615384613
1648844766.24034,0.20275425345235298,0.015873015873012264,-0.0415384615384613
1648844766.261088,0.2031357289997704,-0.015873015873012264,-0.0415384615384613
1648844766.281964,0.20275425345235298,-0.015873015873012264,-0.04285714285714315
1648844766.302837,0.20275425345235298,-0.047619047619051,-0.04285714285714315
1648844766.32384,0.20237277790493557,-0.015873015873012264,-0.04417582417582411
1648844766.344717,0.20237277790493557,0.015873015873012264,-0.04417582417582411
1648844766.365594,0.20237277790493557,-0.015873015873012264,-0.04417582417582411
1648844766.386467,0.20237277790493557,-0.047619047619051,-0.04549450549450551
1648844766.407467,0.20199130235751817,0.015873015873012264,-0.04549450549450551
1648844766.428343,0.20160982681010076,-0.047619047619051,-0.04549450549450551
1648844766.449219,0.20160982681010076,-0.015873015873012264,-0.04681318681318691
1648844766.470092,0.20160982681010076,-0.047619047619051,-0.04681318681318691
1648844766.49084,0.20122835126268335,-0.047619047619051,-0.04681318681318691
1648844766.511844,0.1989394979781789,-0.2380952380952408,-0.04549450549450551
1648844766.532593,0.1913099870298307,0.015873015873012264,-0.04549450549450551
1648844766.553468,0.19169146257724812,-0.015873015873012264,-0.04285714285714315
1648844766.574344,0.1913099870298307,0.07936507936507553,-0.04417582417582411
1648844766.595093,0.19207293812466553,0.015873015873012264,-0.04417582417582411
1648844766.616094,0.19169146257724812,-0.11111111111111427,-0.04549450549450551
1648844766.636971,0.19169146257724812,-0.047619047619051,-0.04549450549450551
1648844766.657843,0.1913099870298307,0.015873015873012264,-0.04681318681318691
1648844766.678718,0.1913099870298307,-0.11111111111111427,-0.04681318681318691
1648844766.699595,0.1913099870298307,-0.015873015873012264,-0.04681318681318691
1648844766.720596,0.1913099870298307,-0.047619047619051,-0.04813186813186787
1648844766.741346,0.1909285114824133,-0.047619047619051,-0.04813186813186787
1648844766.762221,0.1909285114824133,-0.015873015873012264,-0.04813186813186787
1648844766.783096,0.1909285114824133,0.015873015873012264,-0.04813186813186787
1648844766.80397,0.18940260929274366,-0.26984126984126533,-0.04813186813186787
1648844766.824847,0.17566948958571693,-1.0317460317460316,-0.03890109890109894
1648844766.845721,0.15659571221484647,-0.7777777777777715,-0.03626373626373658
1648844766.866596,0.15239948119325497,0.015873015873012264,-0.030989010989010968
1648844766.887598,0.15163653009842015,0.015873015873012264,-0.03230769230769237
1648844766.908474,0.1531624322880898,0.2380952380952408,-0.03230769230769237
1648844766.929349,0.15545128557259424,0.015873015873012264,-0.03494505494505473
1648844766.950224,0.15468833447775943,-0.11111111111111427,-0.03494505494505473
1648844766.9711,0.1535439078355072,-0.015873015873012264,-0.03494505494505473
1648844766.991972,0.1535439078355072,-0.015873015873012264,-0.03494505494505473
1648844767.01285,0.1535439078355072,-0.015873015873012264,-0.03494505494505473
1648844767.03385,0.1539253833829246,-0.015873015873012264,-0.03626373626373658
1648844767.054601,0.1539253833829246,0.07936507936507553,-0.03626373626373658
1648844767.075468,0.1535439078355072,0.015873015873012264,-0.03626373626373658
1648844767.096477,0.1535439078355072,-0.015873015873012264,-0.03758241758241754
1648844767.117226,0.1535439078355072,-0.047619047619051,-0.03890109890109894
1648844767.1381,0.1535439078355072,-0.015873015873012264,-0.03758241758241754
1648844767.159102,0.1535439078355072,-0.11111111111111427,-0.03890109890109894
1648844767.179979,0.1531624322880898,0.015873015873012264,-0.03890109890109894
1648844767.200854,0.1531624322880898,-0.047619047619051,-0.03758241758241754
1648844767.221727,0.1531624322880898,-0.11111111111111427,-0.03890109890109894
1648844767.242603,0.1531624322880898,0.015873015873012264,-0.04021978021978034
1648844767.263476,0.1531624322880898,0.015873015873012264,-0.04021978021978034
1648844767.284353,0.1531624322880898,-0.047619047619051,-0.04021978021978034
1648844767.305227,0.15278095674067238,-0.1428571428571388,-0.04021978021978034
1648844767.326103,0.15278095674067238,-0.015873015873012264,-0.04021978021978034
1648844767.346977,0.1531624322880898,0.07936507936507553,-0.0415384615384613
1648844767.36798,0.15278095674067238,-0.11111111111111427,-0.0415384615384613
1648844767.388855,0.15278095674067238,-0.015873015873012264,-0.0415384615384613
1648844767.409604,0.15278095674067238,-0.047619047619051,-0.04285714285714315
1648844767.43048,0.15278095674067238,-0.047619047619051,-0.04285714285714315
1648844767.451479,0.15278095674067238,0.015873015873012264,-0.04285714285714315
1648844767.472355,0.15278095674067238,-0.015873015873012264,-0.04285714285714315
1648844767.49323,0.15239948119325497,-0.047619047619051,-0.04417582417582411
1648844767.514105,0.15201800564583756,-0.047619047619051,-0.04417582417582411
1648844767.53498,0.15239948119325497,0.015873015873012264,-0.04417582417582411
1648844767.555856,0.15201800564583756,-0.047619047619051,-0.04417582417582411
1648844767.576857,0.15201800564583756,-0.11111111111111427,-0.04549450549450551
1648844767.59773,0.15163653009842015,-0.047619047619051,-0.04417582417582411
1648844767.618482,0.15125505455100274,-0.015873015873012264,-0.04549450549450551
1648844767.639358,0.15125505455100274,-0.047619047619051,-0.04549450549450551
1648844767.66036,0.15125505455100274,-0.015873015873012264,-0.04549450549450551
1648844767.681233,0.15049210345616792,-0.11111111111111427,-0.04549450549450551
1648844767.701983,0.14362554360265456,-0.047619047619051,-0.04681318681318691
1648844767.722856,0.14400701915007197,0.015873015873012264,-0.04285714285714315
1648844767.74386,0.14400701915007197,0.07936507936507553,-0.04285714285714315
1648844767.764736,0.14400701915007197,-0.015873015873012264,-0.04285714285714315
1648844767.785609,0.14438849469748938,-0.047619047619051,-0.04417582417582411
1648844767.806486,0.14400701915007197,-0.015873015873012264,-0.04417582417582411
1648844767.82736,0.14362554360265456,-0.015873015873012264,-0.04417582417582411
1648844767.847977,0.14400701915007197,-0.015873015873012264,-0.04549450549450551
1648844767.86886,0.14400701915007197,0.015873015873012264,-0.04549450549450551
1648844767.889863,0.14400701915007197,0.015873015873012264,-0.04549450549450551
1648844767.91061,0.14400701915007197,-0.015873015873012264,-0.04549450549450551
1648844767.93161,0.14400701915007197,-0.047619047619051,-0.04549450549450551
1648844767.952486,0.14400701915007197,-0.015873015873012264,-0.04549450549450551
1648844767.973361,0.14400701915007197,-0.015873015873012264,-0.04549450549450551
1648844767.994236,0.14400701915007197,-0.047619047619051,-0.04549450549450551
1648844768.015112,0.14400701915007197,-0.015873015873012264,-0.04681318681318691
1648844768.035986,0.14400701915007197,0.015873015873012264,-0.04681318681318691
1648844768.056863,0.14362554360265456,-0.015873015873012264,-0.04813186813186787
1648844768.077604,0.14362554360265456,-0.11111111111111427,-0.04813186813186787
1648844768.098103,0.14362554360265456,0.015873015873012264,-0.04813186813186787
1648844768.118601,0.14362554360265456,-0.015873015873012264,-0.04681318681318691
1648844768.139364,0.14362554360265456,-0.047619047619051,-0.04813186813186787
1648844768.160115,0.14362554360265456,0.015873015873012264,-0.04813186813186787
1648844768.181114,0.14362554360265456,-0.015873015873012264,-0.04813186813186787
1648844768.201989,0.14324406805523715,-0.047619047619051,-0.04813186813186787
1648844768.222865,0.14324406805523715,-0.047619047619051,-0.04813186813186787
1648844768.243865,0.14324406805523715,-0.047619047619051,-0.04945054945054972
1648844768.264615,0.14324406805523715,-0.015873015873012264,-0.04945054945054972
1648844768.285491,0.14324406805523715,-0.015873015873012264,-0.04945054945054972
1648844768.306367,0.14324406805523715,0.07936507936507553,-0.04945054945054972
1648844768.326984,0.14324406805523715,0.015873015873012264,-0.04945054945054972
1648844768.347867,0.14324406805523715,-0.015873015873012264,-0.05076923076923068
1648844768.368742,0.14324406805523715,0.015873015873012264,-0.05076923076923068
1648844768.389616,0.14286259250781974,-0.047619047619051,-0.05076923076923068
1648844768.410492,0.14286259250781974,-0.015873015873012264,-0.05076923076923068
1648844768.431367,0.14286259250781974,-0.015873015873012264,-0.04945054945054972
1648844768.452242,0.14286259250781974,-0.015873015873012264,-0.05076923076923068
1648844768.473119,0.14286259250781974,-0.015873015873012264,-0.05076923076923068
1648844768.493994,0.14286259250781974,-0.047619047619051,-0.05076923076923068
1648844768.514867,0.14286259250781974,-0.047619047619051,-0.05208791208791208
1648844768.535742,0.14248111696040233,-0.11111111111111427,-0.05208791208791208
1648844768.556619,0.14248111696040233,-0.015873015873012264,-0.05208791208791208
1648844768.577493,0.14248111696040233,-0.015873015873012264,-0.05208791208791208
1648844768.59837,0.14248111696040233,-0.047619047619051,-0.05208791208791208
1648844768.619245,0.14248111696040233,-0.047619047619051,-0.05208791208791208
1648844768.640119,0.14209964141298492,0.015873015873012264,-0.05208791208791208
1648844768.660996,0.14209964141298492,0.015873015873012264,-0.05340659340659348
1648844768.681872,0.14209964141298492,-0.047619047619051,-0.05208791208791208
1648844768.702863,0.14209964141298492,-0.015873015873012264,-0.05208791208791208
1648844768.723864,0.14209964141298492,-0.015873015873012264,-0.05340659340659348
1648844768.744872,0.1413366903181501,-0.015873015873012264,-0.05340659340659348
1648844768.765747,0.13866636148622824,-0.4285714285714306,-0.04945054945054972
1648844768.786623,0.13370717936980192,-0.015873015873012264,-0.04945054945054972
1648844768.807497,0.13370717936980192,-0.047619047619051,-0.04945054945054972
1648844768.828373,0.1329442282749671,-0.047619047619051,-0.04945054945054972
1648844768.849123,0.13370717936980192,-0.047619047619051,-0.04945054945054972
1648844768.869997,0.13370717936980192,0.015873015873012264,-0.04945054945054972
1648844768.89087,0.1333257038223845,-0.015873015873012264,-0.05076923076923068
1648844768.911875,0.1333257038223845,-0.047619047619051,-0.05076923076923068
1648844768.932749,0.1333257038223845,-0.015873015873012264,-0.05076923076923068
1648844768.953626,0.1333257038223845,-0.015873015873012264,-0.05076923076923068
1648844768.974498,0.1333257038223845,-0.015873015873012264,-0.05076923076923068
1648844768.995501,0.1333257038223845,0.015873015873012264,-0.05076923076923068
1648844769.016251,0.1333257038223845,-0.047619047619051,-0.05208791208791208
1648844769.037124,0.1333257038223845,-0.015873015873012264,-0.05076923076923068
1648844769.057999,0.1333257038223845,-0.015873015873012264,-0.05208791208791208
1648844769.078874,0.1333257038223845,-0.11111111111111427,-0.05076923076923068
1648844769.09975,0.1333257038223845,0.07936507936507553,-0.05208791208791208
1648844769.120497,0.1333257038223845,-0.015873015873012264,-0.05076923076923068
1648844769.141246,0.1333257038223845,0.015873015873012264,-0.05208791208791208
1648844769.162127,0.1333257038223845,0.015873015873012264,-0.05208791208791208
1648844769.182875,0.1333257038223845,-0.015873015873012264,-0.05208791208791208
1648844769.203879,0.1333257038223845,-0.015873015873012264,-0.05208791208791208
1648844769.224755,0.1333257038223845,0.015873015873012264,-0.05208791208791208
1648844769.245503,0.1329442282749671,0.015873015873012264,-0.05208791208791208
1648844769.266379,0.1329442282749671,-0.015873015873012264,-0.05340659340659348
1648844769.287254,0.1329442282749671,0.015873015873012264,-0.05340659340659348
1648844769.308256,0.1329442282749671,0.015873015873012264,-0.05340659340659348
1648844769.329004,0.1325627527275497,-0.015873015873012264,-0.05340659340659348
1648844769.350004,0.1325627527275497,0.015873015873012264,-0.05340659340659348
1648844769.370878,0.1325627527275497,0.015873015873012264,-0.05340659340659348
1648844769.391754,0.13218127718013228,-0.11111111111111427,-0.05340659340659348
1648844769.412629,0.13179980163271487,-0.11111111111111427,-0.05340659340659348
1648844769.433505,0.12417029068436669,-0.6507936507936449,-0.05076923076923068
1648844769.454379,0.10738536659800069,-1.2222222222222214,-0.0415384615384613
1648844769.475256,0.09479667353322618,-0.26984126984126533,-0.04021978021978034
1648844769.496131,0.09441519798580877,-0.047619047619051,-0.03626373626373658
1648844769.517007,0.09479667353322618,0.015873015873012264,-0.03626373626373658
1648844769.537883,0.09822995345998287,0.11111111111111427,-0.03626373626373658
1648844769.558789,0.09861142900740028,-0.11111111111111427,-0.03758241758241754
1648844769.579632,0.09784847791256546,-0.015873015873012264,-0.03758241758241754
1648844769.600508,0.09670405127031323,-0.015873015873012264,-0.03758241758241754
1648844769.621382,0.09670405127031323,0.015873015873012264,-0.03758241758241754
1648844769.642258,0.09708552681773064,0.015873015873012264,-0.03758241758241754
1648844769.663132,0.09746700236514805,-0.047619047619051,-0.03758241758241754
1648844769.684135,0.09708552681773064,-0.015873015873012264,-0.03758241758241754
1648844769.705008,0.09670405127031323,0.015873015873012264,-0.03758241758241754
1648844769.725884,0.09708552681773064,-0.015873015873012264,-0.03758241758241754
1648844769.746789,0.09708552681773064,0.015873015873012264,-0.03758241758241754
1648844769.76776,0.09708552681773064,-0.015873015873012264,-0.03890109890109894
1648844769.788635,0.09708552681773064,-0.015873015873012264,-0.03890109890109894
1648844769.809385,0.09708552681773064,-0.015873015873012264,-0.03890109890109894
1648844769.830259,0.09670405127031323,-0.015873015873012264,-0.03890109890109894
1648844769.851134,0.09670405127031323,-0.11111111111111427,-0.03758241758241754
1648844769.872011,0.09708552681773064,-0.047619047619051,-0.03890109890109894
1648844769.892887,0.09708552681773064,-0.015873015873012264,-0.03890109890109894
1648844769.913887,0.09670405127031323,0.015873015873012264,-0.03890109890109894
1648844769.934636,0.09670405127031323,-0.015873015873012264,-0.03890109890109894
1648844769.955636,0.09708552681773064,-0.015873015873012264,-0.03890109890109894
1648844769.976511,0.09708552681773064,-0.047619047619051,-0.03890109890109894
1648844769.997386,0.09708552681773064,-0.015873015873012264,-0.03890109890109894
1648844770.018263,0.09670405127031323,-0.015873015873012264,-0.03890109890109894
1648844770.039011,0.09670405127031323,0.015873015873012264,-0.03890109890109894
1648844770.060013,0.09708552681773064,-0.11111111111111427,-0.03890109890109894
1648844770.080889,0.09670405127031323,-0.047619047619051,-0.04021978021978034
1648844770.101638,0.09670405127031323,-0.015873015873012264,-0.04021978021978034
1648844770.122512,0.09670405127031323,-0.047619047619051,-0.03890109890109894
1648844770.143514,0.09670405127031323,-0.015873015873012264,-0.04021978021978034
1648844770.16439,0.09670405127031323,-0.015873015873012264,-0.04021978021978034
1648844770.185264,0.09670405127031323,-0.015873015873012264,-0.03890109890109894
1648844770.206138,0.09670405127031323,-0.047619047619051,-0.03890109890109894
1648844770.227014,0.09670405127031323,-0.015873015873012264,-0.04021978021978034
1648844770.247889,0.09670405127031323,-0.047619047619051,-0.04021978021978034
1648844770.268765,0.09670405127031323,-0.015873015873012264,-0.04021978021978034
1648844770.289641,0.09670405127031323,-0.047619047619051,-0.04021978021978034
1648844770.310517,0.09670405127031323,-0.015873015873012264,-0.04021978021978034
1648844770.331391,0.09670405127031323,-0.015873015873012264,-0.04021978021978034
1648844770.352267,0.09670405127031323,-0.015873015873012264,-0.04021978021978034
1648844770.373141,0.09670405127031323,-0.015873015873012264,-0.04021978021978034
1648844770.394017,0.09670405127031323,-0.015873015873012264,-0.0415384615384613
1648844770.414891,0.09670405127031323,0.015873015873012264,-0.04021978021978034
1648844770.435895,0.09670405127031323,-0.015873015873012264,-0.04021978021978034
1648844770.456768,0.09670405127031323,0.015873015873012264,-0.04021978021978034
1648844770.477644,0.09670405127031323,-0.047619047619051,-0.0415384615384613
1648844770.49852,0.09670405127031323,-0.047619047619051,-0.0415384615384613
1648844770.51952,0.09670405127031323,-0.015873015873012264,-0.0415384615384613
1648844770.540396,0.09670405127031323,-0.11111111111111427,-0.04021978021978034
1648844770.561269,0.09670405127031323,0.015873015873012264,-0.0415384615384613
1648844770.582146,0.09670405127031323,-0.015873015873012264,-0.0415384615384613
1648844770.60302,0.09670405127031323,-0.015873015873012264,-0.0415384615384613
1648844770.623895,0.09670405127031323,-0.047619047619051,-0.0415384615384613
1648844770.64477,0.09670405127031323,-0.015873015873012264,-0.04021978021978034
1648844770.665645,0.09670405127031323,0.015873015873012264,-0.0415384615384613
1648844770.686522,0.09670405127031323,-0.015873015873012264,-0.0415384615384613
1648844770.707407,0.09670405127031323,-0.015873015873012264,-0.0415384615384613
1648844770.72827,0.09670405127031323,0.015873015873012264,-0.0415384615384613
1648844770.749147,0.09670405127031323,-0.11111111111111427,-0.0415384615384613
1648844770.770022,0.09670405127031323,-0.015873015873012264,-0.0415384615384613
1648844770.790897,0.09670405127031323,0.015873015873012264,-0.04285714285714315
1648844770.811899,0.09670405127031323,-0.047619047619051,-0.04285714285714315
1648844770.832649,0.09670405127031323,-0.047619047619051,-0.0415384615384613
1648844770.853524,0.09670405127031323,-0.015873015873012264,-0.04285714285714315
1648844770.8744,0.09670405127031323,-0.015873015873012264,-0.04285714285714315
1648844770.895276,0.09670405127031323,-0.015873015873012264,-0.04285714285714315
1648844770.91615,0.09670405127031323,0.07936507936507553,-0.04285714285714315
1648844770.937025,0.09670405127031323,-0.047619047619051,-0.0415384615384613
1648844770.957901,0.09632257572289582,-0.047619047619051,-0.04285714285714315
1648844770.978649,0.09632257572289582,-0.015873015873012264,-0.04285714285714315
1648844770.99965,0.09632257572289582,-0.047619047619051,-0.04285714285714315
1648844771.020401,0.09632257572289582,0.015873015873012264,-0.04285714285714315
1648844771.041276,0.09632257572289582,-0.015873015873012264,-0.04285714285714315
1648844771.06215,0.09632257572289582,0.015873015873012264,-0.04285714285714315
1648844771.083027,0.09632257572289582,0.015873015873012264,-0.04285714285714315
1648844771.103902,0.09632257572289582,0.07936507936507553,-0.04285714285714315
1648844771.124903,0.09632257572289582,0.015873015873012264,-0.04285714285714315
1648844771.145933,0.09632257572289582,-0.11111111111111427,-0.04285714285714315
1648844771.166901,0.09632257572289582,-0.015873015873012264,-0.04285714285714315
1648844771.187904,0.09632257572289582,-0.015873015873012264,-0.04285714285714315
1648844771.208779,0.09632257572289582,-0.047619047619051,-0.04417582417582411
1648844771.229652,0.09632257572289582,-0.11111111111111427,-0.04285714285714315
1648844771.250527,0.09632257572289582,-0.047619047619051,-0.04285714285714315
1648844771.27153,0.09632257572289582,0.015873015873012264,-0.04417582417582411
1648844771.292405,0.09632257572289582,-0.015873015873012264,-0.04285714285714315
1648844771.31328,0.09632257572289582,-0.015873015873012264,-0.04285714285714315
1648844771.334029,0.09632257572289582,0.07936507936507553,-0.04285714285714315
1648844771.354904,0.09632257572289582,0.015873015873012264,-0.04285714285714315
1648844771.375781,0.09632257572289582,-0.047619047619051,-0.04417582417582411
1648844771.396655,0.09632257572289582,0.015873015873012264,-0.04285714285714315
1648844771.417532,0.09632257572289582,0.015873015873012264,-0.04417582417582411
