POS_Set_point,VEL_setpoint,POS gain,VEL gain,FOC
3.014677271686885,0,4.5,0,0
2.984530498970016,0,4.5,0,0
2.954685193980316,0,4.5,0,0
2.925138342040513,0,4.5,0,0
2.8958869586201077,0,4.5,0,0
2.8669280890339066,0,4.5,0,0
2.8382588081435673,0,4.5,0,0
2.8098762200621317,0,4.5,0,0
2.7817774578615104,0,4.5,0,0
2.753959683282895,0,4.5,0,0
2.7264200864500663,0,4.5,0,0
2.6991558855855655,0,4.5,0,0
2.67216432672971,0,4.5,0,0
2.645442683462413,0,4.5,0,0
2.6189882566277887,0,4.5,0,0
2.592798374061511,0,4.5,0,0
2.566870390320896,0,4.5,0,0
2.5412016864176867,0,4.5,0,0
2.51578966955351,0,4.5,0,0
2.4906317728579745,0,4.5,0,0
2.4657254551293946,0,4.5,0,0
2.441068200578101,0,4.5,0,0
2.4166575185723196,0,4.5,0,0
2.3924909433865964,0,4.5,0,0
2.3685660339527304,0,4.5,0,0
2.344880373613203,0,4.5,0,0
2.321431569877071,0,4.5,0,0
2.2982172541783004,0,4.5,0,0
2.2752350816365174,0,4.5,0,0
2.252482730820152,0,4.5,0,0
2.2299579035119503,0,4.5,0,0
2.2076583244768306,0,4.5,0,0
2.1855817412320624,0,4.5,0,0
2.163725923819742,0,4.5,0,0
2.1420886645815447,0,4.5,0,0
2.1206677779357292,0,4.5,0,0
2.099461100156372,0,4.5,0,0
2.0784664891548084,0,4.5,0,0
2.0576818242632604,0,4.5,0,0
2.037105006020628,0,4.5,0,0
2.016733955960422,0,4.5,0,0
1.9965666164008176,0,4.5,0,0
1.9766009502368094,0,4.5,0,0
1.9568349407344412,0,4.5,0,0
1.9372665913270968,0,4.5,0,0
1.9178939254138259,0,4.5,0,0
1.8987149861596875,0,4.5,0,0
1.8797278362980905,0,4.5,0,0
1.8609305579351096,0,4.5,0,0
1.8423212523557586,0,4.5,0,0
1.8238980398322011,0,4.5,0,0
1.805659059433879,0,4.5,0,0
1.7876024688395402,0,4.5,0,0
1.7697264441511449,0,4.5,0,0
1.7520291797096335,0,4.5,0,0
1.7345088879125372,0,4.5,0,0
1.7171637990334119,0,4.5,0,0
1.6999921610430777,0,4.5,0,0
1.6829922394326469,0,4.5,0,0
1.6661623170383204,0,4.5,0,0
1.6495006938679373,0,4.5,0,0
1.633005686929258,0,4.5,0,0
1.6166756300599654,0,4.5,0,0
1.6005088737593658,0,4.5,0,0
1.584503785021772,0,4.5,0,0
1.5686587471715543,0,4.5,0,0
1.5529721596998387,0,4.5,0,0
1.5374424381028402,0,4.5,0,0
1.5220680137218119,0,4.5,0,0
1.5068473335845938,0,4.5,0,0
1.4917788602487478,0,4.5,0,0
1.4768610716462605,0,4.5,0,0
1.4620924609297978,0,4.5,0,0
1.4474715363204997,0,4.5,0,0
1.4329968209572947,0,4.5,0,0
1.4186668527477218,0,4.5,0,0
1.4044801842202446,0,4.5,0,0
1.3904353823780422,0,4.5,0,0
1.3765310285542618,0,4.5,0,0
1.3627657182687192,0,4.5,0,0
1.349138061086032,0,4.5,0,0
1.3356466804751717,0,4.5,0,0
1.32229021367042,0,4.5,0,0
1.3090673115337157,0,4.5,0,0
1.2959766384183786,0,4.5,0,0
1.2830168720341948,0,4.5,0,0
1.2701867033138527,0,4.5,0,0
1.2574848362807143,0,4.5,0,0
1.244909987917907,0,4.5,0,0
1.232460888038728,0,4.5,0,0
1.2201362791583408,0,4.5,0,0
1.2079349163667574,0,4.5,0,0
1.19585556720309,0,4.5,0,0
1.183897011531059,0,4.5,0,0
1.1720580414157484,0,4.5,0,0
1.1603374610015909,0,4.5,0,0
1.148734086391575,0,4.5,0,0
1.1372467455276591,0,4.5,0,0
1.1258742780723825,0,4.5,0,0
1.1146155352916587,0,4.5,0,0
1.103469379938742,0,4.5,0,0
1.0924346861393546,0,4.5,0,0
1.081510339277961,0,4.5,0,0
1.0706952358851813,0,4.5,0,0
1.0599882835263295,0,4.5,0,0
1.049388400691066,0,4.5,0,0
1.0388945166841554,0,4.5,0,0
1.028505571517314,0,4.5,0,0
1.0182205158021407,0,4.5,0,0
1.0080383106441193,0,4.5,0,0
0.9979579275376781,0,4.5,0,0
0.9879783482623014,0,4.5,0,0
0.9780985647796784,0,4.5,0,0
0.9683175791318815,0,4.5,0,0
0.9586344033405627,0,4.5,0,0
0.9490480593071571,0,4.5,0,0
0.9395575787140855,0,4.5,0,0
0.9301620029269446,0,4.5,0,0
0.9208603828976751,0,4.5,0,0
0.9116517790686983,0,4.5,0,0
0.9025352612780113,0,4.5,0,0
0.8935099086652312,0,4.5,0,0
0.8845748095785788,0,4.5,0,0
0.8757290614827931,0,4.5,0,0
0.8669717708679652,0,4.5,0,0
0.8583020531592855,0,4.5,0,0
0.8497190326276927,0,4.5,0,0
0.8412218423014157,0,4.5,0,0
0.8328096238784015,0,4.5,0,0
0.8244815276396175,0,4.5,0,0
0.8162367123632213,0,4.5,0,0
0.808074345239589,0,4.5,0,0
0.7999936017871931,0,4.5,0,0
0.7919936657693212,0,4.5,0,0
0.784073729111628,0,4.5,0,0
0.7762329918205116,0,4.5,0,0
0.7684706619023065,0,4.5,0,0
0.7607859552832834,0,4.5,0,0
0.7531780957304506,0,4.5,0,0
0.745646314773146,0,4.5,0,0
0.7381898516254145,0,4.5,0,0
0.7308079531091604,0,4.5,0,0
0.7234998735780688,0,4.5,0,0
0.7162648748422881,0,4.5,0,0
0.7091022260938652,0,4.5,0,0
0.7020112038329266,0,4.5,0,0
0.6949910917945973,0,4.5,0,0
0.6880411808766513,0,4.5,0,0
0.6811607690678848,0,4.5,0,0
0.6743491613772059,0,4.5,0,0
0.6676056697634338,0,4.5,0,0
0.6609296130657994,0,4.5,0,0
0.6543203169351415,0,4.5,0,0
0.6477771137657901,0,4.5,0,0
0.6412993426281322,0,4.5,0,0
0.6348863492018508,0,4.5,0,0
0.6285374857098324,0,4.5,0,0
0.622252110852734,0,4.5,0,0
0.6160295897442066,0,4.5,0,0
0.6098692938467646,0,4.5,0,0
0.6037706009082969,0,4.5,0,0
0.597732894899214,0,4.5,0,0
0.5917555659502218,0,4.5,0,0
0.5858380102907196,0,4.5,0,0
0.5799796301878124,0,4.5,0,0
0.5741798338859343,0,4.5,0,0
0.568438035547075,0,4.5,0,0
0.5627536551916041,0,4.5,0,0
0.5571261186396881,0,4.5,0,0
0.5515548574532912,0,4.5,0,0
0.5460393088787583,0,4.5,0,0
0.5405789157899707,0,4.5,0,0
0.5351731266320711,0,4.5,0,0
0.5298213953657503,0,4.5,0,0
0.5245231814120929,0,4.5,0,0
0.5192779495979719,0,4.5,0,0
0.5140851701019922,0,4.5,0,0
0.5089443184009722,0,4.5,0,0
0.5038548752169625,0,4.5,0,0
0.49881632646479285,0,4.5,0,0
0.4938281632001449,0,4.5,0,0
0.48888988156814345,0,4.5,0,0
0.484000982752462,0,4.5,0,0
0.47916097292493737,0,4.5,0,0
0.474369363195688,0,4.5,0,0
0.46962566956373114,0,4.5,0,0
0.4649294128680938,0,4.5,0,0
0.4602801187394129,0,4.5,0,0
0.45567731755201873,0,4.5,0,0
0.45112054437649857,0,4.5,0,0
0.4466093389327336,0,4.5,0,0
0.4421432455434062,0,4.5,0,0
0.43772181308797214,0,4.5,0,0
0.43334459495709243,0,4.5,0,0
0.4290111490075215,0,4.5,0,0
0.4247210375174463,0,4.5,0,0
0.4204738271422718,0,4.5,0,0
0.4162690888708491,0,4.5,0,0
0.4121063979821406,0,4.5,0,0
0.4079853340023192,0,4.5,0,0
0.403905480662296,0,4.5,0,0
0.399866425855673,0,4.5,0,0
0.3958677615971163,0,4.5,0,0
0.3919090839811451,0,4.5,0,0
0.38798999314133364,0,4.5,0,0
0.3841100932099203,0,4.5,0,0
0.38026899227782107,0,4.5,0,0
0.37646630235504286,0,4.5,0,0
0.3727016393314924,0,4.5,0,0
0.3689746229381775,0,4.5,0,0
0.3652848767087957,0,4.5,0,0
0.3616320279417078,0,4.5,0,0
0.3580157076622907,0,4.5,0,0
0.3544355505856678,0,4.5,0,0
0.3508911950798111,0,4.5,0,0
0.347382283129013,0,4.5,0,0
0.3439084602977229,0,4.5,0,0
0.34046937569474567,0,4.5,0,0
0.3370646819377982,0,4.5,0,0
0.3336940351184202,0,4.5,0,0
0.330357094767236,0,4.5,0,0
0.32705352381956365,0,4.5,0,0
0.323782988581368,0,4.5,0,0
0.32054515869555433,0,4.5,0,0
0.31733970710859877,0,4.5,0,0
0.3141663100375128,0,4.5,0,0
0.31102464693713766,0,4.5,0,0
0.3079144004677663,0,4.5,0,0
0.3048352564630886,0,4.5,0,0
0.30178690389845775,0,4.5,0,0
0.29876903485947315,0,4.5,0,0
0.2957813445108784,0,4.5,0,0
0.29282353106576964,0,4.5,0,0
0.2898952957551119,0,4.5,0,0
0.2869963427975608,0,4.5,0,0
0.2841263793695852,0,4.5,0,0
0.2812851155758893,0,4.5,0,0
0.2784722644201304,0,4.5,0,0
0.2756875417759291,0,4.5,0,0
0.27293066635816976,0,4.5,0,0
0.2702013596945881,0,4.5,0,0
0.2674993460976422,0,4.5,0,0
0.26482435263666576,0,4.5,0,0
0.2621761091102991,0,4.5,0,0
0.2595543480191961,0,4.5,0,0
0.2569588045390041,0,4.5,0,0
0.25438921649361407,0,4.5,0,0
0.2518453243286779,0,4.5,0,0
0.24932687108539112,0,4.5,0,0
0.2468336023745372,0,4.5,0,0
0.2443652663507918,0,4.5,0,0
0.24192161368728388,0,4.5,0,0
0.23950239755041103,0,4.5,0,0
0.2371073735749069,0,4.5,0,0
0.23473629983915784,0,4.5,0,0
0.23238893684076625,0,4.5,0,0
0.2300650474723586,0,4.5,0,0
0.227764396997635,0,4.5,0,0
0.22548675302765867,0,4.5,0,0
0.22323188549738207,0,4.5,0,0
0.22099956664240825,0,4.5,0,0
0.21878957097598417,0,4.5,0,0
0.21660167526622431,0,4.5,0,0
0.21443565851356206,0,4.5,0,0
0.21229130192842643,0,4.5,0,0
0.21016838890914216,0,4.5,0,0
0.20806670502005073,0,4.5,0,0
0.2059860379698502,0,4.5,0,0
0.20392617759015172,0,4.5,0,0
0.2018869158142502,0,4.5,0,0
0.1998680466561077,0,4.5,0,0
0.19786936618954662,0,4.5,0,0
0.19589067252765116,0,4.5,0,0
0.19393176580237464,0,4.5,0,0
0.1919924481443509,0,4.5,0,0
0.1900725236629074,0,4.5,0,0
0.18817179842627832,0,4.5,0,0
0.18629008044201553,0,4.5,0,0
0.18442717963759536,0,4.5,0,0
0.18258290784121942,0,4.5,0,0
0.18075707876280722,0,4.5,0,0
0.17894950797517914,0,4.5,0,0
0.17716001289542735,0,4.5,0,0
0.17538841276647307,0,4.5,0,0
0.17363452863880835,0,4.5,0,0
0.17189818335242027,0,4.5,0,0
0.17017920151889607,0,4.5,0,0
0.1684774095037071,0,4.5,0,0
0.16679263540867004,0,4.5,0,0
0.16512470905458335,0,4.5,0,0
0.1634734619640375,0,4.5,0,0
0.16183872734439714,0,4.5,0,0
0.16022034007095318,0,4.5,0,0
0.15861813667024363,0,4.5,0,0
0.1570319553035412,0,4.5,0,0
0.15546163575050578,0,4.5,0,0
0.15390701939300072,0,4.5,0,0
0.1523679491990707,0,4.5,0,0
0.15084426970708,0,4.5,0,0
0.14933582701000922,0,4.5,0,0
0.14784246873990914,0,4.5,0,0
0.14636404405251005,0,4.5,0,0
0.14490040361198495,0,4.5,0,0
0.14345139957586509,0,4.5,0,0
0.14201688558010644,0,4.5,0,0
0.14059671672430538,0,4.5,0,0
0.13919074955706232,0,4.5,0,0
0.13779884206149168,0,4.5,0,0
0.13642085364087675,0,4.5,0,0
0.135056645104468,0,4.5,0,0
0.13370607865342332,0,4.5,0,0
0.1323690178668891,0,4.5,0,0
0.1310453276882202,0,4.5,0,0
0.129734874411338,0,4.5,0,0
0.1284375256672246,0,4.5,0,0
0.12715315041055236,0,4.5,0,0
0.12588161890644683,0,4.5,0,0
0.12462280271738237,0,4.5,0,0
0.12337657469020855,0,4.5,0,0
0.12214280894330647,0,4.5,0,0
0.1209213808538734,0,4.5,0,0
0.11971216704533466,0,4.5,0,0
0.11851504537488132,0,4.5,0,0
0.11732989492113251,0,4.5,0,0
0.11615659597192118,0,4.5,0,0
0.11499503001220197,0,4.5,0,0
0.11384507971207995,0,4.5,0,0
0.11270662891495915,0,4.5,0,0
0.11157956262580956,0,4.5,0,0
0.11046376699955147,0,4.5,0,0
0.10935912932955597,0,4.5,0,0
0.1082655380362604,0,4.5,0,0
0.1071828826558978,0,4.5,0,0
0.10611105382933882,0,4.5,0,0
0.10504994329104543,0,4.5,0,0
0.10399944385813498,0,4.5,0,0
0.10295944941955362,0,4.5,0,0
0.10192985492535808,0,4.5,0,0
0.10091055637610451,0,4.5,0,0
0.09990145081234346,0,4.5,0,0
0.09890243630422002,0,4.5,0,0
0.09791341194117782,0,4.5,0,0
0.09693427782176604,0,4.5,0,0
0.09596493504354839,0,4.5,0,0
0.09500528569311291,0,4.5,0,0
0.09405523283618178,0,4.5,0,0
0.09311468050781996,0,4.5,0,0
0.09218353370274175,0,4.5,0,0
0.09126169836571434,0,4.5,0,0
0.09034908138205719,0,4.5,0,0
0.08944559056823662,0,4.5,0,0
0.08855113466255425,0,4.5,0,0
0.08766562331592871,0,4.5,0,0
0.08678896708276942,0,4.5,0,0
0.08592107741194173,0,4.5,0,0
0.08506186663782231,0,4.5,0,0
0.08421124797144408,0,4.5,0,0
0.08336913549172964,0,4.5,0,0
0.08253544413681234,0,4.5,0,0
0.08171008969544422,0,4.5,0,0
0.08089298879848977,0,4.5,0,0
0.08008405891050488,0,4.5,0,0
0.07928321832139983,0,4.5,0,0
0.07849038613818583,0,4.5,0,0
0.07770548227680397,0,4.5,0,0
0.07692842745403594,0,4.5,0,0
0.07615914317949558,0,4.5,0,0
0.07539755174770063,0,4.5,0,0
0.07464357623022362,0,4.5,0,0
0.07389714046792138,0,4.5,0,0
0.07315816906324217,0,4.5,0,0
0.07242658737260975,0,4.5,0,0
0.07170232149888366,0,4.5,0,0
0.07098529828389481,0,4.5,0,0
0.07027544530105587,0,4.5,0,0
0.06957269084804531,0,4.5,0,0
0.06887696393956486,0,4.5,0,0
0.0681881943001692,0,4.5,0,0
0.06750631235716752,0,4.5,0,0
0.06683124923359585,0,4.5,0,0
0.06616293674125989,0,4.5,0,0
0.0655013073738473,0,4.5,0,0
0.06484629430010883,0,4.5,0,0
0.06419783135710774,0,4.5,0,0
0.06355585304353667,0,4.5,0,0
0.0629202945131013,0,4.5,0,0
0.06229109156797029,0,4.5,0,0
0.061668180652290586,0,4.5,0,0
0.06105149884576768,0,4.5,0,0
0.060440983857310004,0,4.5,0,0
0.059836574018736904,0,4.5,0,0
0.05923820827854954,0,4.5,0,0
0.05864582619576404,0,4.5,0,0
0.0580593679338064,0,4.5,0,0
0.05747877425446834,0,4.5,0,0
0.05690398651192365,0,4.5,0,0
0.05633494664680441,0,4.5,0,0
0.05577159718033637,0,4.5,0,0
0.055213881208533,0,4.5,0,0
0.05466174239644767,0,4.5,0,0
0.0541151249724832,0,4.5,0,0
0.053573973722758364,0,4.5,0,0
0.05303823398553078,0,4.5,0,0
0.05250785164567547,0,4.5,0,0
0.051982773129218715,0,4.5,0,0
0.05146294539792653,0,4.5,0,0
0.05094831594394726,0,4.5,0,0
0.05043883278450779,0,4.5,0,0
0.04993444445666271,0,4.5,0,0
0.049435100012096084,0,4.5,0,0
0.04894074901197512,0,4.5,0,0
0.048451341521855366,0,4.5,0,0
0.047966828106636814,0,4.5,0,0
0.047487159825570446,0,4.5,0,0
0.04701228822731474,0,4.5,0,0
0.046542165345041596,0,4.5,0,0
0.04607674369159118,0,4.5,0,0
0.04561597625467526,0,4.5,0,0
0.04515981649212851,0,4.5,0,0
0.04470821832720723,0,4.5,0,0
0.044261136143935155,0,4.5,0,0
0.0438185247824958,0,4.5,0,0
0.043380339534670846,0,4.5,0,0
0.042946536139324136,0,4.5,0,0
0.0425170707779309,0,4.5,0,0
0.04209190007015159,0,4.5,0,0
0.04167098106945007,0,4.5,0,0
0.041254271258755575,0,4.5,0,0
0.04084172854616802,0,4.5,0,0
0.04043331126070634,0,4.5,0,0
0.040028978148099276,0,4.5,0,0
0.03962868836661828,0,4.5,0,0
0.039232401482952095,0,4.5,0,0
0.038840077468122576,0,4.5,0,0
0.03845167669344135,0,4.5,0,0
0.03806715992650694,0,4.5,0,0
0.03768648832724187,0,4.5,0,0
0.03730962344396945,0,4.5,0,0
0.03693652720952976,0,4.5,0,0
0.03656716193743446,0,4.5,0,0
0.036201490318060116,0,4.5,0,0
0.035839475414879515,0,4.5,0,0
0.03548108066073072,0,4.5,0,0
0.03512626985412341,0,4.5,0,0
0.034775007155582176,0,4.5,0,0
0.03442725708402635,0,4.5,0,0
0.03408298451318609,0,4.5,0,0
0.033742154668054226,0,4.5,0,0
0.03340473312137368,0,4.5,0,0
0.03307068579015995,0,4.5,0,0
0.03273997893225835,0,4.5,0,0
0.032412579142935764,0,4.5,0,0
0.0320884533515064,0,4.5,0,0
0.03176756881799134,0,4.5,0,0
0.031449893129811425,0,4.5,0,0
0.03113539419851331,0,4.5,0,0
0.030824040256528178,0,4.5,0,0
0.030515799853962897,0,4.5,0,0
0.030210641855423267,0,4.5,0,0
0.029908535436869034,0,4.5,0,0
0.029609450082500342,0,4.5,0,0
0.02931335558167534,0,4.5,0,0
0.029020222025858584,0,4.5,0,0
0.0287300198056,0,4.5,0,0
0.028442719607544,0,4.5,0,0
0.02815829241146856,0,4.5,0,0
0.027876709487353872,0,4.5,0,0
0.027597942392480333,0,4.5,0,0
0.02732196296855553,0,4.5,0,0
0.027048743338869974,0,4.5,0,0
0.026778255905481274,0,4.5,0,0
0.02651047334642646,0,4.5,0,0
0.026245368612962196,0,4.5,0,0
0.025982914926832575,0,4.5,0,0
0.02572308577756425,0,4.5,0,0
0.025465854919788606,0,4.5,0,0
0.02521119637059072,0,4.5,0,0
0.024959084406884813,0,4.5,0,0
0.024709493562815966,0,4.5,0,0
0.024462398627187805,0,4.5,0,0
0.024217774640915925,0,4.5,0,0
0.023975596894506766,0,4.5,0,0
0.023735840925561698,0,4.5,0,0
0.023498482516306082,0,4.5,0,0
0.023263497691143022,0,4.5,0,0
0.023030862714231593,0,4.5,0,0
0.022800554087089277,0,4.5,0,0
0.022572548546218384,0,4.5,0,0
0.0223468230607562,0,4.5,0,0
0.02212335483014864,0,4.5,0,0
0.021902121281847153,0,4.5,0,0
0.021683100069028682,0,4.5,0,0
0.021466269068338397,0,4.5,0,0
0.021251606377655014,0,4.5,0,0
0.021039090313878465,0,4.5,0,0
0.02082869941073968,0,4.5,0,0
0.020620412416632285,0,4.5,0,0
0.02041420829246596,0,4.5,0,0
0.0202100662095413,0,4.5,0,0
0.020007965547445886,0,4.5,0,0
0.019807885891971428,0,4.5,0,0
0.019609807033051714,0,4.5,0,0
0.019413708962721196,0,4.5,0,0
0.019219571873093984,0,4.5,0,0
0.019027376154363045,0,4.5,0,0
0.018837102392819414,0,4.5,0,0
0.018648731368891218,0,4.5,0,0
0.018462244055202307,0,4.5,0,0
0.018277621614650283,0,4.5,0,0
0.01809484539850378,0,4.5,0,0
0.017913896944518743,0,4.5,0,0
0.017734757975073557,0,4.5,0,0
0.017557410395322822,0,4.5,0,0
0.017381836291369593,0,4.5,0,0
0.017208017928455898,0,4.5,0,0
0.01703593774917134,0,4.5,0,0
0.016865578371679627,0,4.5,0,0
0.01669692258796283,0,4.5,0,0
0.016529953362083204,0,4.5,0,0
0.01636465382846237,0,4.5,0,0
0.016201007290177746,0,4.5,0,0
0.016038997217275967,0,4.5,0,0
0.015878607245103208,0,4.5,0,0
0.015719821172652176,0,4.5,0,0
0.015562622960925653,0,4.5,0,0
0.015406996731316397,0,4.5,0,0
0.015252926764003234,0,4.5,0,0
0.015100397496363202,0,4.5,0,0
0.01494939352139957,0,4.5,0,0
0.014799899586185574,0,4.5,0,0
0.014651900590323718,0,4.5,0,0
0.01450538158442048,0,4.5,0,0
0.014360327768576275,0,4.5,0,0
0.014216724490890512,0,4.5,0,0
0.014074557245981606,0,4.5,0,0
0.01393381167352179,0,4.5,0,0
0.013794473556786572,0,4.5,0,0
0.013656528821218705,0,4.5,0,0
0.013519963533006519,0,4.5,0,0
0.013384763897676453,0,4.5,0,0
0.013250916258699688,0,4.5,0,0
0.013118407096112691,0,4.5,0,0
0.012987223025151564,0,4.5,0,0
0.012857350794900049,0,4.5,0,0
0.012728777286951048,0,4.5,0,0
0.012601489514081538,0,4.5,0,0
0.012475474618940722,0,4.5,0,0
0.012350719872751315,0,4.5,0,0
0.012227212674023802,0,4.5,0,0
0.012104940547283564,0,4.5,0,0
0.011983891141810728,0,4.5,0,0
0.01186405223039262,0,4.5,0,0
0.011745411708088694,0,4.5,0,0
0.011627957591007806,0,4.5,0,0
0.011511678015097728,0,4.5,0,0
0.01139656123494675,0,4.5,0,0
0.011282595622597284,0,4.5,0,0
0.011169769666371312,0,4.5,0,0
0.011058071969707598,0,4.5,0,0
0.010947491250010523,0,4.5,0,0
0.010838016337510418,0,4.5,0,0
0.010729636174135313,0,4.5,0,0
0.01062233981239396,0,4.5,0,0
0.01051611641427002,0,4.5,0,0
0.01041095525012732,0,4.5,0,0
0.010306845697626046,0,4.5,0,0
0.010203777240649786,0,4.5,0,0
0.010101739468243288,0,4.5,0,0
0.010000722073560855,0,4.5,0,0
0.009900714852825248,0,4.5,0,0
