POS_Set_point,VEL_setpoint,POS gain,VEL gain,FOC
3.1204222934309906,0,3.8,0,0
3.0892180704966807,0,3.8,0,0
3.058325889791714,0,3.8,0,0
3.0277426308937967,0,3.8,0,0
2.997465204584859,0,3.8,0,0
2.9674905525390103,0,3.8,0,0
2.93781564701362,0,3.8,0,0
2.9084374905434838,0,3.8,0,0
2.879353115638049,0,3.8,0,0
2.8505595844816685,0,3.8,0,0
2.822053988636852,0,3.8,0,0
2.7938334487504832,0,3.8,0,0
2.765895114262978,0,3.8,0,0
2.7382361631203485,0,3.8,0,0
2.710853801489145,0,3.8,0,0
2.6837452634742536,0,3.8,0,0
2.656907810839511,0,3.8,0,0
2.630338732731116,0,3.8,0,0
2.6040353454038048,0,3.8,0,0
2.5779949919497667,0,3.8,0,0
2.552215042030269,0,3.8,0,0
2.526692891609966,0,3.8,0,0
2.501425962693866,0,3.8,0,0
2.4764117030669275,0,3.8,0,0
2.451647586036258,0,3.8,0,0
2.4271311101758957,0,3.8,0,0
2.4028597990741365,0,3.8,0,0
2.378831201083395,0,3.8,0,0
2.3550428890725614,0,3.8,0,0
2.3314924601818356,0,3.8,0,0
2.3081775355800174,0,3.8,0,0
2.285095760224217,0,3.8,0,0
2.262244802621975,0,3.8,0,0
2.239622354595755,0,3.8,0,0
2.217226131049798,0,3.8,0,0
2.1950538697393,0,3.8,0,0
2.173103331041907,0,3.8,0,0
2.1513722977314877,0,3.8,0,0
2.1298585747541727,0,3.8,0,0
2.108559989006631,0,3.8,0,0
2.0874743891165646,0,3.8,0,0
2.066599645225399,0,3.8,0,0
2.0459336487731448,0,3.8,0,0
2.025474312285413,0,3.8,0,0
2.0052195691625587,0,3.8,0,0
1.9851673734709332,0,3.8,0,0
1.9653156997362238,0,3.8,0,0
1.9456625427388614,0,3.8,0,0
1.9262059173114727,0,3.8,0,0
1.906943858138358,0,3.8,0,0
1.8878744195569743,0,3.8,0,0
1.8689956753614045,0,3.8,0,0
1.8503057186077905,0,3.8,0,0
1.8318026614217124,0,3.8,0,0
1.8134846348074953,0,3.8,0,0
1.7953497884594203,0,3.8,0,0
1.777396290574826,0,3.8,0,0
1.7596223276690777,0,3.8,0,0
1.7420261043923868,0,3.8,0,0
1.724605843348463,0,3.8,0,0
1.7073597849149784,0,3.8,0,0
1.6902861870658286,0,3.8,0,0
1.6733833251951702,0,3.8,0,0
1.6566494919432184,0,3.8,0,0
1.6400829970237862,0,3.8,0,0
1.6236821670535484,0,3.8,0,0
1.6074453453830129,0,3.8,0,0
1.5913708919291827,0,3.8,0,0
1.575457183009891,0,3.8,0,0
1.559702611179792,0,3.8,0,0
1.5441055850679941,0,3.8,0,0
1.5286645292173142,0,3.8,0,0
1.513377883925141,0,3.8,0,0
1.4982441050858897,0,3.8,0,0
1.4832616640350307,0,3.8,0,0
1.4684290473946804,0,3.8,0,0
1.4537447569207336,0,3.8,0,0
1.4392073093515263,0,3.8,0,0
1.424815236258011,0,3.8,0,0
1.410567083895431,0,3.8,0,0
1.3964614130564765,0,3.8,0,0
1.3824967989259118,0,3.8,0,0
1.3686718309366528,0,3.8,0,0
1.3549851126272863,0,3.8,0,0
1.3414352615010134,0,3.8,0,0
1.3280209088860033,0,3.8,0,0
1.3147406997971434,0,3.8,0,0
1.301593292799172,0,3.8,0,0
1.2885773598711803,0,3.8,0,0
1.2756915862724685,0,3.8,0,0
1.2629346704097437,0,3.8,0,0
1.2503053237056463,0,3.8,0,0
1.2378022704685898,0,3.8,0,0
1.225424247763904,0,3.8,0,0
1.2131700052862648,0,3.8,0,0
1.2010383052334022,0,3.8,0,0
1.1890279221810682,0,3.8,0,0
1.1771376429592575,0,3.8,0,0
1.165366266529665,0,3.8,0,0
1.1537126038643684,0,3.8,0,0
1.1421754778257247,0,3.8,0,0
1.1307537230474674,0,3.8,0,0
1.1194461858169926,0,3.8,0,0
1.1082517239588228,0,3.8,0,0
1.0971692067192345,0,3.8,0,0
1.0861975146520422,0,3.8,0,0
1.0753355395055217,0,3.8,0,0
1.0645821841104666,0,3.8,0,0
1.0539363622693618,0,3.8,0,0
1.0433969986466682,0,3.8,0,0
1.0329630286602016,0,3.8,0,0
1.0226333983735996,0,3.8,0,0
1.0124070643898635,0,3.8,0,0
1.0022829937459647,0,3.8,0,0
0.9922601638085051,0,3.8,0,0
0.9823375621704201,0,3.8,0,0
0.9725141865487159,0,3.8,0,0
0.9627890446832288,0,3.8,0,0
0.9531611542363965,0,3.8,0,0
0.9436295426940325,0,3.8,0,0
0.9341932472670922,0,3.8,0,0
0.9248513147944213,0,3.8,0,0
0.9156028016464771,0,3.8,0,0
0.9064467736300124,0,3.8,0,0
0.8973823058937123,0,3.8,0,0
0.8884084828347751,0,3.8,0,0
0.8795243980064273,0,3.8,0,0
0.8707291540263631,0,3.8,0,0
0.8620218624860995,0,3.8,0,0
0.8534016438612385,0,3.8,0,0
0.8448676274226261,0,3.8,0,0
0.8364189511483998,0,3.8,0,0
0.8280547616369158,0,3.8,0,0
0.8197742140205466,0,3.8,0,0
0.8115764718803411,0,3.8,0,0
0.8034607071615377,0,3.8,0,0
0.7954261000899223,0,3.8,0,0
0.7874718390890231,0,3.8,0,0
0.7795971206981328,0,3.8,0,0
0.7718011494911514,0,3.8,0,0
0.76408313799624,0,3.8,0,0
0.7564423066162775,0,3.8,0,0
0.7488778835501148,0,3.8,0,0
0.7413891047146136,0,3.8,0,0
0.7339752136674674,0,3.8,0,0
0.7266354615307927,0,3.8,0,0
0.7193691069154848,0,3.8,0,0
0.7121754158463299,0,3.8,0,0
0.7050536616878667,0,3.8,0,0
0.6980031250709879,0,3.8,0,0
0.691023093820278,0,3.8,0,0
0.6841128628820753,0,3.8,0,0
0.6772717342532545,0,3.8,0,0
0.6704990169107219,0,3.8,0,0
0.6637940267416147,0,3.8,0,0
0.6571560864741985,0,3.8,0,0
0.6505845256094566,0,3.8,0,0
0.644078680353362,0,3.8,0,0
0.6376378935498284,0,3.8,0,0
0.6312615146143301,0,3.8,0,0
0.6249488994681868,0,3.8,0,0
0.6186994104735049,0,3.8,0,0
0.6125124163687699,0,3.8,0,0
0.6063872922050821,0,3.8,0,0
0.6003234192830313,0,3.8,0,0
0.594320185090201,0,3.8,0,0
0.588376983239299,0,3.8,0,0
0.582493213406906,0,3.8,0,0
0.5766682812728369,0,3.8,0,0
0.5709015984601085,0,3.8,0,0
0.5651925824755074,0,3.8,0,0
0.5595406566507524,0,3.8,0,0
0.5539452500842449,0,3.8,0,0
0.5484057975834025,0,3.8,0,0
0.5429217396075684,0,3.8,0,0
0.5374925222114927,0,3.8,0,0
0.5321175969893778,0,3.8,0,0
0.526796421019484,0,3.8,0,0
0.5215284568092892,0,3.8,0,0
0.5163131722411962,0,3.8,0,0
0.5111500405187842,0,3.8,0,0
0.5060385401135964,0,3.8,0,0
0.5009781547124604,0,3.8,0,0
0.4959683731653358,0,3.8,0,0
0.4910086894336825,0,3.8,0,0
0.48609860253934567,0,3.8,0,0
0.4812376165139522,0,3.8,0,0
0.4764252403488127,0,3.8,0,0
0.4716609879453245,0,3.8,0,0
0.46694437806587125,0,3.8,0,0
0.46227493428521255,0,3.8,0,0
0.45765218494236043,0,3.8,0,0
0.45307566309293684,0,3.8,0,0
0.44854490646200745,0,3.8,0,0
0.4440594573973874,0,3.8,0,0
0.4396188628234135,0,3.8,0,0
0.43522267419517935,0,3.8,0,0
0.43087044745322756,0,3.8,0,0
0.42656174297869526,0,3.8,0,0
0.4222961255489083,0,3.8,0,0
0.4180731642934192,0,3.8,0,0
0.413892432650485,0,3.8,0,0
0.4097535083239801,0,3.8,0,0
0.4056559732407403,0,3.8,0,0
0.4015994135083329,0,3.8,0,0
0.39758341937324954,0,3.8,0,0
0.39360758517951705,0,3.8,0,0
0.3896715093277219,0,3.8,0,0
0.38577479423444466,0,3.8,0,0
0.3819170462921002,0,3.8,0,0
0.3780978758291792,0,3.8,0,0
0.3743168970708874,0,3.8,0,0
0.3705737281001785,0,3.8,0,0
0.36686799081917676,0,3.8,0,0
0.363199310910985,0,3.8,0,0
0.3595673178018752,0,3.8,0,0
0.35597164462385644,0,3.8,0,0
0.35241192817761785,0,3.8,0,0
0.34888780889584164,0,3.8,0,0
0.3453989308068832,0,3.8,0,0
0.3419449414988144,0,3.8,0,0
0.3385254920838262,0,3.8,0,0
0.33514023716298796,0,3.8,0,0
0.33178883479135807,0,3.8,0,0
0.3284709464434445,0,3.8,0,0
0.32518623697901006,0,3.8,0,0
0.32193437460922,0,3.8,0,0
0.31871503086312775,0,3.8,0,0
0.3155278805544965,0,3.8,0,0
0.31237260174895154,0,3.8,0,0
0.30924887573146204,0,3.8,0,0
0.30615638697414743,0,3.8,0,0
0.30309482310440594,0,3.8,0,0
0.3000638748733619,0,3.8,0,0
0.29706323612462826,0,3.8,0,0
0.294092603763382,0,3.8,0,0
0.2911516777257482,0,3.8,0,0
0.2882401609484907,0,3.8,0,0
0.2853577593390058,0,3.8,0,0
0.28250418174561576,0,3.8,0,0
0.27967913992815957,0,3.8,0,0
0.276882348528878,0,3.8,0,0
0.2741135250435892,0,3.8,0,0
0.2713723897931533,0,3.8,0,0
0.2686586658952218,0,3.8,0,0
0.2659720792362696,0,3.8,0,0
0.2633123584439069,0,3.8,0,0
0.2606792348594678,0,3.8,0,0
0.25807244251087313,0,3.8,0,0
0.2554917180857644,0,3.8,0,0
0.2529368009049067,0,3.8,0,0
0.25040743289585765,0,3.8,0,0
0.24790335856689907,0,3.8,0,0
0.24542432498123007,0,3.8,0,0
0.24297008173141776,0,3.8,0,0
0.2405403809141036,0,3.8,0,0
0.23813497710496256,0,3.8,0,0
0.23575362733391295,0,3.8,0,0
0.23339609106057382,0,3.8,0,0
0.23106213014996807,0,3.8,0,0
0.2287515088484684,0,3.8,0,0
0.22646399375998372,0,3.8,0,0
0.22419935382238387,0,3.8,0,0
0.22195736028416002,0,3.8,0,0
0.2197377866813184,0,3.8,0,0
0.21754040881450523,0,3.8,0,0
0.21536500472636017,0,3.8,0,0
0.21321135467909655,0,3.8,0,0
0.21107924113230558,0,3.8,0,0
0.20896844872098252,0,3.8,0,0
0.2068787642337727,0,3.8,0,0
0.20480997659143496,0,3.8,0,0
0.2027618768255206,0,3.8,0,0
0.20073425805726539,0,3.8,0,0
0.19872691547669272,0,3.8,0,0
0.19673964632192578,0,3.8,0,0
0.19477224985870653,0,3.8,0,0
0.19282452736011946,0,3.8,0,0
0.19089628208651827,0,3.8,0,0
0.18898731926565307,0,3.8,0,0
0.18709744607299653,0,3.8,0,0
0.18522647161226655,0,3.8,0,0
0.1833742068961439,0,3.8,0,0
0.18154046482718245,0,3.8,0,0
0.17972506017891063,0,3.8,0,0
0.1779278095771215,0,3.8,0,0
0.1761485314813503,0,3.8,0,0
0.17438704616653677,0,3.8,0,0
0.1726431757048714,0,3.8,0,0
0.1709167439478227,0,3.8,0,0
0.16920757650834448,0,3.8,0,0
0.16751550074326102,0,3.8,0,0
0.1658403457358284,0,3.8,0,0
0.1641819422784701,0,3.8,0,0
0.1625401228556854,0,3.8,0,0
0.16091472162712853,0,3.8,0,0
0.15930557441085724,0,3.8,0,0
0.15771251866674868,0,3.8,0,0
0.15613539348008118,0,3.8,0,0
0.15457403954528037,0,3.8,0,0
0.15302829914982757,0,3.8,0,0
0.1514980161583293,0,3.8,0,0
0.149983035996746,0,3.8,0,0
0.14848320563677855,0,3.8,0,0
0.14699837358041076,0,3.8,0,0
0.14552838984460664,0,3.8,0,0
0.14407310594616057,0,3.8,0,0
0.14263237488669897,0,3.8,0,0
0.14120605113783197,0,3.8,0,0
0.13979399062645365,0,3.8,0,0
0.1383960507201891,0,3.8,0,0
0.13701209021298721,0,3.8,0,0
0.13564196931085734,0,3.8,0,0
0.13428554961774877,0,3.8,0,0
0.13294269412157128,0,3.8,0,0
0.13161326718035557,0,3.8,0,0
0.13029713450855201,0,3.8,0,0
0.12899416316346649,0,3.8,0,0
0.1277042215318318,0,3.8,0,0
0.12642717931651348,0,3.8,0,0
0.12516290752334835,0,3.8,0,0
0.12391127844811486,0,3.8,0,0
0.12267216566363372,0,3.8,0,0
0.12144544400699737,0,3.8,0,0
0.1202309895669274,0,3.8,0,0
0.11902867967125813,0,3.8,0,0
0.11783839287454555,0,3.8,0,0
0.11666000894580009,0,3.8,0,0
0.11549340885634209,0,3.8,0,0
0.11433847476777867,0,3.8,0,0
0.11319509002010088,0,3.8,0,0
0.11206313911989987,0,3.8,0,0
0.11094250772870087,0,3.8,0,0
0.10983308265141387,0,3.8,0,0
0.10873475182489972,0,3.8,0,0
0.10764740430665072,0,3.8,0,0
0.10657093026358422,0,3.8,0,0
0.10550522096094837,0,3.8,0,0
0.10445016875133889,0,3.8,0,0
0.1034056670638255,0,3.8,0,0
0.10237161039318723,0,3.8,0,0
0.10134789428925536,0,3.8,0,0
0.10033441534636281,0,3.8,0,0
0.09933107119289918,0,3.8,0,0
0.09833776048097018,0,3.8,0,0
0.09735438287616048,0,3.8,0,0
0.09638083904739887,0,3.8,0,0
0.09541703065692489,0,3.8,0,0
0.09446286035035564,0,3.8,0,0
0.09351823174685209,0,3.8,0,0
0.09258304942938357,0,3.8,0,0
0.09165721893508974,0,3.8,0,0
0.09074064674573884,0,3.8,0,0
0.08983324027828145,0,3.8,0,0
0.08893490787549864,0,3.8,0,0
0.08804555879674365,0,3.8,0,0
0.08716510320877621,0,3.8,0,0
0.08629345217668845,0,3.8,0,0
0.08543051765492156,0,3.8,0,0
0.08457621247837234,0,3.8,0,0
0.08373045035358861,0,3.8,0,0
0.08289314585005272,0,3.8,0,0
0.08206421439155219,0,3.8,0,0
0.08124357224763666,0,3.8,0,0
0.08043113652516029,0,3.8,0,0
0.07962682515990868,0,3.8,0,0
0.07883055690830959,0,3.8,0,0
0.07804225133922649,0,3.8,0,0
0.07726182882583423,0,3.8,0,0
0.07648921053757589,0,3.8,0,0
0.07572431843220014,0,3.8,0,0
0.07496707524787813,0,3.8,0,0
0.07421740449539935,0,3.8,0,0
0.07347523045044535,0,3.8,0,0
0.0727404781459409,0,3.8,0,0
0.07201307336448148,0,3.8,0,0
0.07129294263083667,0,3.8,0,0
0.07058001320452831,0,3.8,0,0
0.06987421307248302,0,3.8,0,0
0.06917547094175819,0,3.8,0,0
0.0684837162323406,0,3.8,0,0
0.06779887907001719,0,3.8,0,0
0.06712089027931702,0,3.8,0,0
0.06644968137652385,0,3.8,0,0
0.06578518456275861,0,3.8,0,0
0.06512733271713103,0,3.8,0,0
0.06447605938995972,0,3.8,0,0
0.06383129879606012,0,3.8,0,0
0.06319298580809951,0,3.8,0,0
0.06256105595001851,0,3.8,0,0
0.061935445390518325,0,3.8,0,0
0.06131609093661314,0,3.8,0,0
0.060702930027247005,0,3.8,0,0
0.06009590072697454,0,3.8,0,0
0.05949494171970479,0,3.8,0,0
0.058899992302507746,0,3.8,0,0
0.058310992379482667,0,3.8,0,0
0.057727882455687836,0,3.8,0,0
0.057150603631130954,0,3.8,0,0
0.05657909759481965,0,3.8,0,0
0.05601330661887145,0,3.8,0,0
0.05545317355268274,0,3.8,0,0
0.05489864181715591,0,3.8,0,0
0.05434965539898435,0,3.8,0,0
0.053806158844994505,0,3.8,0,0
0.05326809725654456,0,3.8,0,0
0.05273541628397911,0,3.8,0,0
0.05220806212113932,0,3.8,0,0
0.051685981499927924,0,3.8,0,0
0.051169121684928646,0,3.8,0,0
0.050657430468079356,0,3.8,0,0
0.05015085616339856,0,3.8,0,0
0.04964934760176457,0,3.8,0,0
0.04915285412574692,0,3.8,0,0
0.048661325584489455,0,3.8,0,0
0.04817471232864456,0,3.8,0,0
0.04769296520535811,0,3.8,0,0
0.04721603555330453,0,3.8,0,0
0.046743875197771484,0,3.8,0,0
0.04627643644579377,0,3.8,0,0
0.04581367208133583,0,3.8,0,0
0.04535553536052247,0,3.8,0,0
0.044901980006917246,0,3.8,0,0
0.04445296020684807,0,3.8,0,0
0.04400843060477959,0,3.8,0,0
0.04356834629873179,0,3.8,0,0
0.04313266283574447,0,3.8,0,0
0.042701336207387024,0,3.8,0,0
0.042274322845313156,0,3.8,0,0
0.04185157961686002,0,3.8,0,0
0.041433063820691424,0,3.8,0,0
0.04101873318248451,0,3.8,0,0
0.040608545850659664,0,3.8,0,0
0.04020246039215307,0,3.8,0,0
0.03980043578823154,0,3.8,0,0
0.03940243143034922,0,3.8,0,0
0.03900840711604573,0,3.8,0,0
0.03861832304488527,0,3.8,0,0
0.03823213981443642,0,3.8,0,0
0.03784981841629206,0,3.8,0,0
0.03747132023212914,0,3.8,0,0
0.03709660702980785,0,3.8,0,0
0.03672564095950977,0,3.8,0,0
0.03635838454991467,0,3.8,0,0
0.035994800704415526,0,3.8,0,0
0.03563485269737137,0,3.8,0,0
0.035278504170397657,0,3.8,0,0
0.03492571912869368,0,3.8,0,0
0.034576461937406745,0,3.8,0,0
0.03423069731803268,0,3.8,0,0
0.03388839034485235,0,3.8,0,0
0.03354950644140383,0,3.8,0,0
0.03321401137698979,0,3.8,0,0
0.03288187126321989,0,3.8,0,0
0.03255305255058769,0,3.8,0,0
0.03222752202508181,0,3.8,0,0
0.03190524680483099,0,3.8,0,0
0.03158619433678268,0,3.8,0,0
0.031270332393414854,0,3.8,0,0
0.030957629069480706,0,3.8,0,0
0.0306480527787859,0,3.8,0,0
0.03034157225099804,0,3.8,0,0
0.03003815652848806,0,3.8,0,0
0.02973777496320318,0,3.8,0,0
0.029440397213571147,0,3.8,0,0
0.029145993241435436,0,3.8,0,0
0.02885453330902108,0,3.8,0,0
0.028565987975930872,0,3.8,0,0
0.028280328096171564,0,3.8,0,0
0.027997524815209847,0,3.8,0,0
0.02771754956705775,0,3.8,0,0
0.02744037407138717,0,3.8,0,0
0.0271659703306733,0,3.8,0,0
0.026894310627366566,0,3.8,0,0
0.0266253675210929,0,3.8,0,0
0.02635911384588197,0,3.8,0,0
0.026095522707423147,0,3.8,0,0
0.025834567480348916,0,3.8,0,0
0.025576221805545425,0,3.8,0,0
0.02532045958748997,0,3.8,0,0
0.02506725499161507,0,3.8,0,0
0.024816582441698917,0,3.8,0,0
0.024568416617281926,0,3.8,0,0
0.024322732451109108,0,3.8,0,0
0.024079505126598018,0,3.8,0,0
0.02383871007533204,0,3.8,0,0
0.023600322974578716,0,3.8,0,0
0.02336431974483293,0,3.8,0,0
0.0231306765473846,0,3.8,0,0
0.022899369781910754,0,3.8,0,0
0.022670376084091646,0,3.8,0,0
0.02244367232325073,0,3.8,0,0
0.022219235600018223,0,3.8,0,0
0.02199704324401804,0,3.8,0,0
0.02177707281157786,0,3.8,0,0
0.02155930208346208,0,3.8,0,0
0.021343709062627458,0,3.8,0,0
0.021130271972001183,0,3.8,0,0
0.02091896925228117,0,3.8,0,0
0.02070977955975836,0,3.8,0,0
0.020502681764160775,0,3.8,0,0
0.020297654946519167,0,3.8,0,0
0.020094678397053974,0,3.8,0,0
0.019893731613083436,0,3.8,0,0
0.019694794296952603,0,3.8,0,0
0.019497846353983078,0,3.8,0,0
0.019302867890443248,0,3.8,0,0
0.019109839211538814,0,3.8,0,0
0.018918740819423425,0,3.8,0,0
0.01872955341122919,0,3.8,0,0
0.018542257877116896,0,3.8,0,0
0.01835683529834573,0,3.8,0,0
0.01817326694536227,0,3.8,0,0
0.01799153427590865,0,3.8,0,0
0.017811618933149562,0,3.8,0,0
0.017633502743818065,0,3.8,0,0
0.017457167716379885,0,3.8,0,0
0.017282596039216086,0,3.8,0,0
0.017109770078823926,0,3.8,0,0
0.016938672378035688,0,3.8,0,0
0.016769285654255332,0,3.8,0,0
0.01660159279771278,0,3.8,0,0
0.016435576869735652,0,3.8,0,0
0.016271221101038295,0,3.8,0,0
0.016108508890027913,0,3.8,0,0
0.015947423801127635,0,3.8,0,0
0.015787949563116358,0,3.8,0,0
0.015630070067485194,0,3.8,0,0
0.015473769366810343,0,3.8,0,0
0.015319031673142238,0,3.8,0,0
0.015165841356410815,0,3.8,0,0
0.015014182942846706,0,3.8,0,0
0.01486404111341824,0,3.8,0,0
0.014715400702284057,0,3.8,0,0
0.014568246695261217,0,3.8,0,0
0.014422564228308603,0,3.8,0,0
0.014278338586025518,0,3.8,0,0
0.014135555200165262,0,3.8,0,0
0.01399419964816361,0,3.8,0,0
0.013854257651681974,0,3.8,0,0
0.013715715075165153,0,3.8,0,0
0.013578557924413502,0,3.8,0,0
0.013442772345169367,0,3.8,0,0
0.013308344621717674,0,3.8,0,0
0.013175261175500497,0,3.8,0,0
0.013043508563745492,0,3.8,0,0
0.012913073478108036,0,3.8,0,0
0.012783942743326955,0,3.8,0,0
0.012656103315893685,0,3.8,0,0
0.012529542282734748,0,3.8,0,0
0.012404246859907401,0,3.8,0,0
0.012280204391308327,0,3.8,0,0
0.012157402347395244,0,3.8,0,0
0.012035828323921291,0,3.8,0,0
0.011915470040682078,0,3.8,0,0
0.011796315340275258,0,3.8,0,0
0.011678352186872505,0,3.8,0,0
0.011561568665003779,0,3.8,0,0
0.01144595297835374,0,3.8,0,0
0.011331493448570203,0,3.8,0,0
0.011218178514084501,0,3.8,0,0
0.011105996728943655,0,3.8,0,0
0.01099493676165422,0,3.8,0,0
0.010884987394037676,0,3.8,0,0
0.0107761375200973,0,3.8,0,0
0.010668376144896328,0,3.8,0,0
0.010561692383447365,0,3.8,0,0
0.010456075459612892,0,3.8,0,0
0.010351514705016763,0,3.8,0,0
0.010247999557966595,0,3.8,0,0
0.010145519562386929,0,3.8,0,0
0.01004406436676306,0,3.8,0,0
0.00994362372309543,0,3.8,0,0
