POS_Set_point,VEL_setpoint,POS gain,VEL gain,FOC
3.100406271457999,0,3,0,0
3.069402208743419,0,3,0,0
3.038708186655985,0,3,0,0
3.008321104789425,0,3,0,0
2.978237893741531,0,3,0,0
2.948455514804116,0,3,0,0
2.9189709596560744,0,3,0,0
2.8897812500595137,0,3,0,0
2.8608834375589187,0,3,0,0
2.8322746031833295,0,3,0,0
2.803951857151496,0,3,0,0
2.7759123385799813,0,3,0,0
2.7481532151941814,0,3,0,0
2.7206716830422395,0,3,0,0
2.693464966211817,0,3,0,0
2.6665303165496987,0,3,0,0
2.6398650133842017,0,3,0,0
2.6134663632503594,0,3,0,0
2.587331699617856,0,3,0,0
2.5614583826216775,0,3,0,0
2.5358437987954607,0,3,0,0
2.510485360807506,0,3,0,0
2.485380507199431,0,3,0,0
2.460526702127437,0,3,0,0
2.4359214351061627,0,3,0,0
2.411562220755101,0,3,0,0
2.38744659854755,0,3,0,0
2.363572132562074,0,3,0,0
2.3399364112364536,0,3,0,0
2.316537047124089,0,3,0,0
2.293371676652848,0,3,0,0
2.2704379598863196,0,3,0,0
2.2477335802874565,0,3,0,0
2.225256244484582,0,3,0,0
2.203003682039736,0,3,0,0
2.1809736452193387,0,3,0,0
2.1591639087671455,0,3,0,0
2.137572269679474,0,3,0,0
2.116196546982679,0,3,0,0
2.095034581512852,0,3,0,0
2.0740842356977236,0,3,0,0
2.0533433933407466,0,3,0,0
2.032809959407339,0,3,0,0
2.0124818598132657,0,3,0,0
1.992357041215133,0,3,0,0
1.9724334708029816,0,3,0,0
1.9527091360949518,0,3,0,0
1.9331820447340022,0,3,0,0
1.9138502242866622,0,3,0,0
1.8947117220437955,0,3,0,0
1.8757646048233574,0,3,0,0
1.857006958775124,0,3,0,0
1.8384368891873726,0,3,0,0
1.820052520295499,0,3,0,0
1.801851995092544,0,3,0,0
1.7838334751416185,0,3,0,0
1.7659951403902023,0,3,0,0
1.7483351889863004,0,3,0,0
1.7308518370964374,0,3,0,0
1.713543318725473,0,3,0,0
1.6964078855382183,0,3,0,0
1.679443806682836,0,3,0,0
1.6626493686160078,0,3,0,0
1.6460228749298478,0,3,0,0
1.6295626461805492,0,3,0,0
1.6132670197187438,0,3,0,0
1.5971343495215562,0,3,0,0
1.5811630060263406,0,3,0,0
1.5653513759660773,0,3,0,0
1.5496978622064166,0,3,0,0
1.5342008835843524,0,3,0,0
1.5188588747485088,0,3,0,0
1.5036702860010236,0,3,0,0
1.4886335831410134,0,3,0,0
1.4737472473096032,0,3,0,0
1.4590097748365072,0,3,0,0
1.4444196770881421,0,3,0,0
1.4299754803172606,0,3,0,0
1.415675725514088,0,3,0,0
1.401518968258947,0,3,0,0
1.3875037785763575,0,3,0,0
1.373628740790594,0,3,0,0
1.3598924533826882,0,3,0,0
1.3462935288488613,0,3,0,0
1.3328305935603728,0,3,0,0
1.319502287624769,0,3,0,0
1.3063072647485214,0,3,0,0
1.2932441921010362,0,3,0,0
1.2803117501800259,0,3,0,0
1.2675086326782257,0,3,0,0
1.2548335463514435,0,3,0,0
1.242285210887929,0,3,0,0
1.2298623587790496,0,3,0,0
1.2175637351912592,0,3,0,0
1.2053880978393465,0,3,0,0
1.193334216860953,0,3,0,0
1.1814008746923435,0,3,0,0
1.16958686594542,0,3,0,0
1.157890997285966,0,3,0,0
1.1463120873131063,0,3,0,0
1.1348489664399752,0,3,0,0
1.1235004767755754,0,3,0,0
1.1122654720078196,0,3,0,0
1.1011428172877413,0,3,0,0
1.0901313891148638,0,3,0,0
1.0792300752237152,0,3,0,0
1.068437774471478,0,3,0,0
1.0577533967267632,0,3,0,0
1.0471758627594956,0,3,0,0
1.0367041041319007,0,3,0,0
1.0263370630905817,0,3,0,0
1.0160736924596758,0,3,0,0
1.005912955535079,0,3,0,0
0.9958538259797282,0,3,0,0
0.9858952877199308,0,3,0,0
0.9760363348427316,0,3,0,0
0.9662759714943042,0,3,0,0
0.9566132117793612,0,3,0,0
0.9470470796615675,0,3,0,0
0.9375766088649519,0,3,0,0
0.9282008427763023,0,3,0,0
0.9189188343485393,0,3,0,0
0.9097296460050539,0,3,0,0
0.9006323495450034,0,3,0,0
0.8916260260495533,0,3,0,0
0.8827097657890578,0,3,0,0
0.8738826681311672,0,3,0,0
0.8651438414498556,0,3,0,0
0.856492403035357,0,3,0,0
0.8479274790050034,0,3,0,0
0.8394482042149534,0,3,0,0
0.8310537221728038,0,3,0,0
0.8227431849510758,0,3,0,0
0.814515753101565,0,3,0,0
0.8063705955705494,0,3,0,0
0.7983068896148439,0,3,0,0
0.7903238207186954,0,3,0,0
0.7824205825115085,0,3,0,0
0.7745963766863934,0,3,0,0
0.7668504129195294,0,3,0,0
0.7591819087903341,0,3,0,0
0.7515900897024308,0,3,0,0
0.7440741888054064,0,3,0,0
0.7366334469173523,0,3,0,0
0.7292671124481788,0,3,0,0
0.7219744413236969,0,3,0,0
0.7147546969104599,0,3,0,0
0.7076071499413553,0,3,0,0
0.7005310784419417,0,3,0,0
0.6935257676575223,0,3,0,0
0.6865905099809471,0,3,0,0
0.6797246048811376,0,3,0,0
0.6729273588323262,0,3,0,0
0.6661980852440029,0,3,0,0
0.6595361043915628,0,3,0,0
0.6529407433476472,0,3,0,0
0.6464113359141707,0,3,0,0
0.6399472225550289,0,3,0,0
0.6335477503294786,0,3,0,0
0.6272122728261839,0,3,0,0
0.620940150097922,0,3,0,0
0.6147307485969428,0,3,0,0
0.6085834411109733,0,3,0,0
0.6024976066998635,0,3,0,0
0.5964726306328649,0,3,0,0
0.5905079043265363,0,3,0,0
0.584602825283271,0,3,0,0
0.5787567970304383,0,3,0,0
0.5729692290601338,0,3,0,0
0.5672395367695324,0,3,0,0
0.5615671414018371,0,3,0,0
0.5559514699878186,0,3,0,0
0.5503919552879405,0,3,0,0
0.5448880357350611,0,3,0,0
0.5394391553777105,0,3,0,0
0.5340447638239334,0,3,0,0
0.528704316185694,0,3,0,0
0.5234172730238371,0,3,0,0
0.5181831002935987,0,3,0,0
0.5130012692906627,0,3,0,0
0.5078712565977561,0,3,0,0
0.5027925440317785,0,3,0,0
0.49776461859146076,0,3,0,0
0.49278697240554614,0,3,0,0
0.4878591026814907,0,3,0,0
0.48298051165467576,0,3,0,0
0.478150706538129,0,3,0,0
0.47336919947274775,0,3,0,0
0.46863550747802024,0,3,0,0
0.46394915240324003,0,3,0,0
0.4593096608792076,0,3,0,0
0.4547165642704155,0,3,0,0
0.4501693986277114,0,3,0,0
0.44566770464143424,0,3,0,0
0.4412110275950199,0,3,0,0
0.4367989173190697,0,3,0,0
0.432430928145879,0,3,0,0
0.42810661886442025,0,3,0,0
0.42382555267577604,0,3,0,0
0.41958729714901827,0,3,0,0
0.41539142417752806,0,3,0,0
0.41123750993575275,0,3,0,0
0.40712513483639523,0,3,0,0
0.4030538834880313,0,3,0,0
0.399023344653151,0,3,0,0
0.3950331112066195,0,3,0,0
0.3910827800945533,0,3,0,0
0.38717195229360774,0,3,0,0
0.38330023277067166,0,3,0,0
0.37946723044296493,0,3,0,0
0.3756725581385353,0,3,0,0
0.37191583255714994,0,3,0,0
0.3681966742315784,0,3,0,0
0.3645147074892626,0,3,0,0
0.36086956041437,0,3,0,0
0.3572608648102263,0,3,0,0
0.353688256162124,0,3,0,0
0.35015137360050275,0,3,0,0
0.3466498598644977,0,3,0,0
0.3431833612658527,0,3,0,0
0.33975152765319416,0,3,0,0
0.33635401237666224,0,3,0,0
0.33299047225289563,0,3,0,0
0.32966056753036665,0,3,0,0
0.326363961855063,0,3,0,0
0.32310032223651236,0,3,0,0
0.3198693190141472,0,3,0,0
0.31667062582400574,0,3,0,0
0.3135039195657657,0,3,0,0
0.310368880370108,0,3,0,0
0.3072651915664069,0,3,0,0
0.30419253965074283,0,3,0,0
0.3011506142542354,0,3,0,0
0.29813910811169303,0,3,0,0
0.2951577170305761,0,3,0,0
0.29220613986027033,0,3,0,0
0.28928407846166765,0,3,0,0
0.286391237677051,0,3,0,0
0.28352732530028046,0,3,0,0
0.28069205204727765,0,3,0,0
0.2778851315268049,0,3,0,0
0.2751062802115368,0,3,0,0
0.2723552174094215,0,3,0,0
0.2696316652353273,0,3,0,0
0.266935348582974,0,3,0,0
0.26426599509714427,0,3,0,0
0.2616233351461728,0,3,0,0
0.2590071017947111,0,3,0,0
0.256417030776764,0,3,0,0
0.25385286046899636,0,3,0,0
0.2513143318643064,0,3,0,0
0.24880118854566333,0,3,0,0
0.2463131766602067,0,3,0,0
0.24385004489360462,0,3,0,0
0.24141154444466859,0,3,0,0
0.2389974290002219,0,3,0,0
0.23660745471021966,0,3,0,0
0.23424138016311746,0,3,0,0
0.2318989663614863,0,3,0,0
0.22957997669787142,0,3,0,0
0.2272841769308927,0,3,0,0
0.22501133516158378,0,3,0,0
0.22276122180996794,0,3,0,0
0.22053360959186824,0,3,0,0
0.21832827349594955,0,3,0,0
0.21614499076099006,0,3,0,0
0.21398354085338014,0,3,0,0
0.21184370544484635,0,3,0,0
0.20972526839039787,0,3,0,0
0.2076280157064939,0,3,0,0
0.20555173554942896,0,3,0,0
0.20349621819393468,0,3,0,0
0.20146125601199533,0,3,0,0
0.19944664345187538,0,3,0,0
0.19745217701735662,0,3,0,0
0.19547765524718305,0,3,0,0
0.19352287869471121,0,3,0,0
0.1915876499077641,0,3,0,0
0.18967177340868646,0,3,0,0
0.1877750556745996,0,3,0,0
0.1858973051178536,0,3,0,0
0.18403833206667505,0,3,0,0
0.1821979487460083,0,3,0,0
0.18037596925854824,0,3,0,0
0.17857220956596276,0,3,0,0
0.17678648747030312,0,3,0,0
0.17501862259560008,0,3,0,0
0.1732684363696441,0,3,0,0
0.17153575200594764,0,3,0,0
0.16982039448588818,0,3,0,0
0.16812219054102928,0,3,0,0
0.166440968635619,0,3,0,0
0.1647765589492628,0,3,0,0
0.16312879335977018,0,3,0,0
0.16149750542617247,0,3,0,0
0.15988253037191075,0,3,0,0
0.15828370506819164,0,3,0,0
0.15670086801750974,0,3,0,0
0.15513385933733465,0,3,0,0
0.1535825207439613,0,3,0,0
0.1520466955365217,0,3,0,0
0.15052622858115647,0,3,0,0
0.1490209662953449,0,3,0,0
0.14753075663239143,0,3,0,0
0.14605544906606752,0,3,0,0
0.14459489457540683,0,3,0,0
0.14314894562965277,0,3,0,0
0.14171745617335624,0,3,0,0
0.14030028161162267,0,3,0,0
0.13889727879550645,0,3,0,0
0.13750830600755137,0,3,0,0
0.13613322294747585,0,3,0,0
0.13477189071800108,0,3,0,0
0.13342417181082106,0,3,0,0
0.13208993009271283,0,3,0,0
0.1307690307917857,0,3,0,0
0.12946134048386784,0,3,0,0
0.12816672707902915,0,3,0,0
0.12688505980823886,0,3,0,0
0.12561620921015648,0,3,0,0
0.12436004711805491,0,3,0,0
0.12311644664687436,0,3,0,0
0.12188528218040562,0,3,0,0
0.12066642935860156,0,3,0,0
0.11945976506501554,0,3,0,0
0.1182651674143654,0,3,0,0
0.11708251574022174,0,3,0,0
0.11591169058281953,0,3,0,0
0.11475257367699133,0,3,0,0
0.11360504794022142,0,3,0,0
0.1124689974608192,0,3,0,0
0.111344307486211,0,3,0,0
0.1102308644113489,0,3,0,0
0.1091285557672354,0,3,0,0
0.10803727020956305,0,3,0,0
0.10695689750746742,0,3,0,0
0.10588732853239274,0,3,0,0
0.10482845524706881,0,3,0,0
0.10378017069459812,0,3,0,0
0.10274236898765214,0,3,0,0
0.10171494529777562,0,3,0,0
0.10069779584479786,0,3,0,0
0.09969081788634988,0,3,0,0
0.09869390970748639,0,3,0,0
0.09770697061041152,0,3,0,0
0.0967299009043074,0,3,0,0
0.09576260189526432,0,3,0,0
0.09480497587631168,0,3,0,0
0.09385692611754856,0,3,0,0
0.09291835685637308,0,3,0,0
0.09198917328780934,0,3,0,0
0.09106928155493124,0,3,0,0
0.09015858873938193,0,3,0,0
0.08925700285198811,0,3,0,0
0.08836443282346823,0,3,0,0
0.08748078849523355,0,3,0,0
0.08660598061028121,0,3,0,0
0.0857399208041784,0,3,0,0
0.08488252159613661,0,3,0,0
0.08403369638017524,0,3,0,0
0.08319335941637349,0,3,0,0
0.08236142582220975,0,3,0,0
0.08153781156398765,0,3,0,0
0.08072243344834777,0,3,0,0
0.0799152091138643,0,3,0,0
0.07911605702272564,0,3,0,0
0.07832489645249839,0,3,0,0
0.0775416474879734,0,3,0,0
0.07676623101309367,0,3,0,0
0.07599856870296273,0,3,0,0
0.0752385830159331,0,3,0,0
0.07448619718577376,0,3,0,0
0.07374133521391603,0,3,0,0
0.07300392186177687,0,3,0,0
0.0722738826431591,0,3,0,0
0.07155114381672752,0,3,0,0
0.07083563237856023,0,3,0,0
0.07012727605477463,0,3,0,0
0.06942600329422688,0,3,0,0
0.0687317432612846,0,3,0,0
0.06804442582867176,0,3,0,0
0.06736398157038505,0,3,0,0
0.06669034175468119,0,3,0,0
0.06602343833713438,0,3,0,0
0.06536320395376304,0,3,0,0
0.06470957191422541,0,3,0,0
0.06406247619508315,0,3,0,0
0.06342185143313232,0,3,0,0
0.062787632918801,0,3,0,0
0.062159756589612994,0,3,0,0
0.061538159023716864,0,3,0,0
0.060922777433479694,0,3,0,0
0.0603135496591449,0,3,0,0
0.05971041416255345,0,3,0,0
0.05911331002092792,0,3,0,0
0.05852217692071864,0,3,0,0
0.057936955151511454,0,3,0,0
0.05735758559999634,0,3,0,0
0.056784009743996375,0,3,0,0
0.05621616964655641,0,3,0,0
0.055654007950090845,0,3,0,0
0.05509746787058994,0,3,0,0
0.05454649319188404,0,3,0,0
0.054001028259965195,0,3,0,0
0.05346101797736554,0,3,0,0
0.05292640779759188,0,3,0,0
0.052397143719615964,0,3,0,0
0.051873172282419805,0,3,0,0
0.05135444055959561,0,3,0,0
0.05084089615399965,0,3,0,0
0.050332487192459655,0,3,0,0
0.04982916232053506,0,3,0,0
0.04933087069732971,0,3,0,0
0.04883756199035641,0,3,0,0
0.048349186370452844,0,3,0,0
0.04786569450674832,0,3,0,0
0.047387037561680834,0,3,0,0
0.046913167186064024,0,3,0,0
0.04644403551420338,0,3,0,0
0.045979595159061346,0,3,0,0
0.045519799207470735,0,3,0,0
0.04506460121539603,0,3,0,0
0.04461395520324207,0,3,0,0
0.044167815651209655,0,3,0,0
0.04372613749469756,0,3,0,0
0.04328887611975058,0,3,0,0
0.042855987358553074,0,3,0,0
0.04242742748496754,0,3,0,0
0.04200315321011787,0,3,0,0
0.04158312167801669,0,3,0,0
0.04116729046123652,0,3,0,0
0.04075561755662416,0,3,0,0
0.04034806138105792,0,3,0,0
0.03994458076724734,0,3,0,0
0.03954513495957487,0,3,0,0
0.03914968360997912,0,3,0,0
0.03875818677387933,0,3,0,0
0.03837060490614053,0,3,0,0
0.03798689885707913,0,3,0,0
0.037607029868508335,0,3,0,0
0.03723095956982325,0,3,0,0
0.03685864997412502,0,3,0,0
0.036490063474383765,0,3,0,0
0.03612516283963993,0,3,0,0
0.03576391121124353,0,3,0,0
0.035406272099131095,0,3,0,0
0.035052209378139784,0,3,0,0
0.034701687284358386,0,3,0,0
0.034354670411514805,0,3,0,0
0.03401112370739966,0,3,0,0
0.03367101247032566,0,3,0,0
0.0333343023456224,0,3,0,0
0.03300095932216618,0,3,0,0
0.032670949728944514,0,3,0,0
0.032344240231655066,0,3,0,0
0.03202079782933852,0,3,0,0
0.03170058985104513,0,3,0,0
0.03138358395253468,0,3,0,0
0.031069748113009336,0,3,0,0
0.030759050631879243,0,3,0,0
0.03045146012556045,0,3,0,0
0.030146945524304847,0,3,0,0
0.029845476069061797,0,3,0,0
0.02954702130837118,0,3,0,0
0.029251551095287466,0,3,0,0
0.028959035584334592,0,3,0,0
0.028669445228491245,0,3,0,0
0.028382750776206334,0,3,0,0
0.02809892326844427,0,3,0,0
0.027817934035759828,0,3,0,0
0.02753975469540223,0,3,0,0
0.027264357148448205,0,3,0,0
0.026991713576963724,0,3,0,0
0.026721796441194087,0,3,0,0
0.026454578476782144,0,3,0,0
0.026190032692014323,0,3,0,0
0.02592813236509418,0,3,0,0
0.025668851041443237,0,3,0,0
0.025412162531028806,0,3,0,0
0.025158040905718517,0,3,0,0
0.024906460496661332,0,3,0,0
0.024657395891694717,0,3,0,0
0.02441082193277777,0,3,0,0
0.024166713713449993,0,3,0,0
0.023925046576315494,0,3,0,0
0.02368579611055234,0,3,0,0
0.023448938149446815,0,3,0,0
0.023214448767952346,0,3,0,0
0.02298230428027282,0,3,0,0
0.022752481237470094,0,3,0,0
0.02252495642509539,0,3,0,0
0.022299706860844436,0,3,0,0
0.022076709792235992,0,3,0,0
0.02185594269431363,0,3,0,0
0.021637383267370493,0,3,0,0
0.021421009434696787,0,3,0,0
0.02120679934034982,0,3,0,0
0.02099473134694632,0,3,0,0
0.020784784033476857,0,3,0,0
0.02057693619314209,0,3,0,0
0.02037116683121067,0,3,0,0
0.020167455162898563,0,3,0,0
0.01996578061126958,0,3,0,0
0.019766122805156883,0,3,0,0
0.019568461577105314,0,3,0,0
0.01937277696133426,0,3,0,0
0.019179049191720917,0,3,0,0
0.018987258699803708,0,3,0,0
0.01879738611280567,0,3,0,0
0.018609412251677615,0,3,0,0
0.01842331812916084,0,3,0,0
0.01823908494786923,0,3,0,0
0.018056694098390537,0,3,0,0
0.01787612715740663,0,3,0,0
0.017697365885832567,0,3,0,0
0.01752039222697424,0,3,0,0
0.0173451883047045,0,3,0,0
0.017171736421657452,0,3,0,0
0.017000019057440877,0,3,0,0
0.016830018866866466,0,3,0,0
0.016661718678197802,0,3,0,0
0.016495101491415823,0,3,0,0
0.016330150476501666,0,3,0,0
0.01616684897173665,0,3,0,0
0.016005180482019283,0,3,0,0
0.01584512867719909,0,3,0,0
0.015686677390427096,0,3,0,0
0.015529810616522826,0,3,0,0
0.015374512510357598,0,3,0,0
0.015220767385254023,0,3,0,0
0.015068559711401482,0,3,0,0
0.014917874114287466,0,3,0,0
0.014768695373144592,0,3,0,0
0.014621008419413146,0,3,0,0
0.014474798335219015,0,3,0,0
0.014330050351866824,0,3,0,0
0.014186749848348156,0,3,0,0
0.014044882349864674,0,3,0,0
0.013904433526366026,0,3,0,0
0.013765389191102366,0,3,0,0
0.013627735299191342,0,3,0,0
0.013491457946199428,0,3,0,0
0.013356543366737434,0,3,0,0
0.013222977933070059,0,3,0,0
0.013090748153739359,0,3,0,0
0.012959840672201966,0,3,0,0
0.012830242265479946,0,3,0,0
0.012701939842825145,0,3,0,0
0.012574920444396894,0,3,0,0
0.012449171239952926,0,3,0,0
0.012324679527553397,0,3,0,0
0.012201432732277863,0,3,0,0
0.012079418404955085,0,3,0,0
0.011958624220905534,0,3,0,0
0.011839037978696478,0,3,0,0
0.011720647598909513,0,3,0,0
0.011603441122920418,0,3,0,0
0.011487406711691213,0,3,0,0
0.011372532644574301,0,3,0,0
0.011258807318128559,0,3,0,0
0.011146219244947273,0,3,0,0
0.0110347570524978,0,3,0,0
0.010924409481972822,0,3,0,0
0.010815165387153094,0,3,0,0
0.010707013733281564,0,3,0,0
0.010599943595948748,0,3,0,0
0.01049394415998926,0,3,0,0
0.010389004718389367,0,3,0,0
0.010285114671205473,0,3,0,0
0.010182263524493418,0,3,0,0
0.010080440889248483,0,3,0,0
0.009979636480355998,0,3,0,0
