POS_Set_point,VEL_setpoint,POS gain,VEL gain,FOC
3.0724593728542,0,1.5,0,0
3.0417347791256577,0,1.5,0,0
3.011317431334401,0,1.5,0,0
2.981204257021057,0,1.5,0,0
2.951392214450846,0,1.5,0,0
2.9218782923063378,0,1.5,0,0
2.8926595093832743,0,1.5,0,0
2.8637329142894417,0,1.5,0,0
2.835095585146547,0,1.5,0,0
2.8067446292950815,0,1.5,0,0
2.778677183002131,0,1.5,0,0
2.7508904111721093,0,1.5,0,0
2.723381507060388,0,1.5,0,0
2.6961476919897844,0,1.5,0,0
2.6691862150698866,0,1.5,0,0
2.6424943529191878,0,1.5,0,0
2.6160694093899957,0,1.5,0,0
2.5899087152960956,0,1.5,0,0
2.5640096281431344,0,1.5,0,0
2.538369531861703,0,1.5,0,0
2.512985836543086,0,1.5,0,0
2.487855978177655,0,1.5,0,0
2.4629774183958784,0,1.5,0,0
2.4383476442119196,0,1.5,0,0
2.4139641677698003,0,1.5,0,0
2.3898245260921023,0,1.5,0,0
2.3659262808311814,0,1.5,0,0
2.3422670180228695,0,1.5,0,0
2.318844347842641,0,1.5,0,0
2.295655904364214,0,1.5,0,0
2.272699345320572,0,1.5,0,0
2.249972351867366,0,1.5,0,0
2.2274726283486923,0,1.5,0,0
2.2051979020652053,0,1.5,0,0
2.1831459230445533,0,1.5,0,0
2.161314463814108,0,1.5,0,0
2.139701319175967,0,1.5,0,0
2.1183043059842075,0,1.5,0,0
2.0971212629243654,0,1.5,0,0
2.0761500502951216,0,1.5,0,0
2.0553885497921702,0,1.5,0,0
2.0348346642942485,0,1.5,0,0
2.014486317651306,0,1.5,0,0
1.9943414544747928,0,1.5,0,0
1.974398039930045,0,1.5,0,0
1.9546540595307444,0,1.5,0,0
1.935107518935437,0,1.5,0,0
1.9157564437460826,0,1.5,0,0
1.8965988793086217,0,1.5,0,0
1.8776328905155355,0,1.5,0,0
1.85885656161038,0,1.5,0,0
1.8402679959942763,0,1.5,0,0
1.8218653160343334,0,1.5,0,0
1.80364666287399,0,1.5,0,0
1.7856101962452502,0,1.5,0,0
1.7677540942827976,0,1.5,0,0
1.7500765533399696,0,1.5,0,0
1.73257578780657,0,1.5,0,0
1.7152500299285043,0,1.5,0,0
1.6980975296292191,0,1.5,0,0
1.681116554332927,0,1.5,0,0
1.6643053887895978,0,1.5,0,0
1.6476623349017019,0,1.5,0,0
1.6311857115526849,0,1.5,0,0
1.614873854437158,0,1.5,0,0
1.5987251158927864,0,1.5,0,0
1.5827378647338586,0,1.5,0,0
1.56691048608652,0,1.5,0,0
1.5512413812256547,0,1.5,0,0
1.535728967413398,0,1.5,0,0
1.520371677739264,0,1.5,0,0
1.5051679609618713,0,1.5,0,0
1.4901162813522526,0,1.5,0,0
1.47521511853873,0,1.5,0,0
1.4604629673533427,0,1.5,0,0
1.4458583376798093,0,1.5,0,0
1.4313997543030113,0,1.5,0,0
1.417085756759981,0,1.5,0,0
1.4029148991923812,0,1.5,0,0
1.3888857502004575,0,1.5,0,0
1.3749968926984528,0,1.5,0,0
1.3612469237714684,0,1.5,0,0
1.3476344545337537,0,1.5,0,0
1.334158109988416,0,1.5,0,0
1.3208165288885318,0,1.5,0,0
1.3076083635996465,0,1.5,0,0
1.29453227996365,0,1.5,0,0
1.2815869571640135,0,1.5,0,0
1.2687710875923734,0,1.5,0,0
1.2560833767164497,0,1.5,0,0
1.243522542949285,0,1.5,0,0
1.2310873175197923,0,1.5,0,0
1.2187764443445943,0,1.5,0,0
1.2065886799011483,0,1.5,0,0
1.1945227931021367,0,1.5,0,0
1.1825775651711152,0,1.5,0,0
1.1707517895194042,0,1.5,0,0
1.1590442716242102,0,1.5,0,0
1.147453828907968,0,1.5,0,0
1.1359792906188884,0,1.5,0,0
1.1246194977126995,0,1.5,0,0
1.1133733027355726,0,1.5,0,0
1.1022395697082168,0,1.5,0,0
1.0912171740111347,0,1.5,0,0
1.0803050022710234,0,1.5,0,0
1.0695019522483131,0,1.5,0,0
1.05880693272583,0,1.5,0,0
1.0482188633985716,0,1.5,0,0
1.037736674764586,0,1.5,0,0
1.02735930801694,0,1.5,0,0
1.0170857149367707,0,1.5,0,0
1.006914857787403,0,1.5,0,0
0.996845709209529,0,1.5,0,0
0.9868772521174337,0,1.5,0,0
0.9770084795962594,0,1.5,0,0
0.9672383948002967,0,1.5,0,0
0.9575660108522938,0,1.5,0,0
0.9479903507437708,0,1.5,0,0
0.938510447236333,0,1.5,0,0
0.9291253427639697,0,1.5,0,0
0.91983408933633,0,1.5,0,0
0.9106357484429667,0,1.5,0,0
0.901529390958537,0,1.5,0,0
0.8925140970489517,0,1.5,0,0
0.8835889560784621,0,1.5,0,0
0.8747530665176775,0,1.5,0,0
0.8660055358525007,0,1.5,0,0
0.8573454804939757,0,1.5,0,0
0.848772025689036,0,1.5,0,0
0.8402843054321456,0,1.5,0,0
0.8318814623778241,0,1.5,0,0
0.8235626477540459,0,1.5,0,0
0.8153270212765054,0,1.5,0,0
0.8071737510637403,0,1.5,0,0
0.799102013553103,0,1.5,0,0
0.791110993417572,0,1.5,0,0
0.7831998834833962,0,1.5,0,0
0.7753678846485622,0,1.5,0,0
0.7676142058020766,0,1.5,0,0
0.7599380637440558,0,1.5,0,0
0.7523386831066152,0,1.5,0,0
0.7448152962755491,0,1.5,0,0
0.7373671433127936,0,1.5,0,0
0.7299934718796657,0,1.5,0,0
0.722693537160869,0,1.5,0,0
0.7154666017892604,0,1.5,0,0
0.7083119357713678,0,1.5,0,0
0.7012288164136541,0,1.5,0,0
0.6942165282495175,0,1.5,0,0
0.6872743629670224,0,1.5,0,0
0.6804016193373521,0,1.5,0,0
0.6735976031439785,0,1.5,0,0
0.6668616271125387,0,1.5,0,0
0.6601930108414134,0,1.5,0,0
0.6535910807329992,0,1.5,0,0
0.6470551699256692,0,1.5,0,0
0.6405846182264125,0,1.5,0,0
0.6341787720441484,0,1.5,0,0
0.6278369843237069,0,1.5,0,0
0.6215586144804699,0,1.5,0,0
0.6153430283356652,0,1.5,0,0
0.6091895980523085,0,1.5,0,0
0.6030977020717855,0,1.5,0,0
0.5970667250510676,0,1.5,0,0
0.591096057800557,0,1.5,0,0
0.5851850972225514,0,1.5,0,0
0.5793332462503259,0,1.5,0,0
0.5735399137878227,0,1.5,0,0
0.5678045146499444,0,1.5,0,0
0.5621264695034449,0,1.5,0,0
0.5565052048084105,0,1.5,0,0
0.5509401527603264,0,1.5,0,0
0.5454307512327231,0,1.5,0,0
0.5399764437203959,0,1.5,0,0
0.534576679283192,0,1.5,0,0
0.52923091249036,0,1.5,0,0
0.5239386033654564,0,1.5,0,0
0.5186992173318018,0,1.5,0,0
0.5135122251584838,0,1.5,0,0
0.508377102906899,0,1.5,0,0
0.50329333187783,0,1.5,0,0
0.4982603985590517,0,1.5,0,0
0.49327779457346116,0,1.5,0,0
0.48834501662772656,0,1.5,0,0
0.4834615664614493,0,1.5,0,0
0.47862695079683476,0,1.5,0,0
0.4738406812888664,0,1.5,0,0
0.46910227447597774,0,1.5,0,0
0.46441125173121794,0,1.5,0,0
0.4597671392139058,0,1.5,0,0
0.4551694678217667,0,1.5,0,0
0.45061777314354906,0,1.5,0,0
0.4461115954121136,0,1.5,0,0
0.44165047945799246,0,1.5,0,0
0.4372339746634125,0,1.5,0,0
0.43286163491677837,0,1.5,0,0
0.42853301856761056,0,1.5,0,0
0.42424768838193444,0,1.5,0,0
0.4200052114981151,0,1.5,0,0
0.41580515938313395,0,1.5,0,0
0.4116471077893026,0,1.5,0,0
0.40753063671140954,0,1.5,0,0
0.4034553303442954,0,1.5,0,0
0.3994207770408525,0,1.5,0,0
0.39542656927044395,0,1.5,0,0
0.3914723035777395,0,1.5,0,0
0.3875575805419621,0,1.5,0,0
0.38368200473654246,0,1.5,0,0
0.37984518468917705,0,1.5,0,0
0.3760467328422853,0,1.5,0,0
0.37228626551386246,0,1.5,0,0
0.36856340285872385,0,1.5,0,0
0.3648777688301366,0,1.5,0,0
0.36122899114183527,0,1.5,0,0
0.3576167012304169,0,1.5,0,0
0.3540405342181127,0,1.5,0,0
0.35050012887593157,0,1.5,0,0
0.34699512758717227,0,1.5,0,0
0.34352517631130053,0,1.5,0,0
0.34008992454818754,0,1.5,0,0
0.33668902530270567,0,1.5,0,0
0.3333221350496786,0,1.5,0,0
0.3299889136991818,0,1.5,0,0
0.32668902456219,0,1.5,0,0
0.32342213431656813,0,1.5,0,0
0.32018791297340243,0,1.5,0,0
0.3169860338436684,0,1.5,0,0
0.3138161735052317,0,1.5,0,0
0.3106780117701794,0,1.5,0,0
0.3075712316524776,0,1.5,0,0
0.3044955193359528,0,1.5,0,0
0.3014505641425933,0,1.5,0,0
0.2984360585011674,0,1.5,0,0
0.2954516979161557,0,1.5,0,0
0.29249718093699417,0,1.5,0,0
0.2895722091276242,0,1.5,0,0
0.28667648703634796,0,1.5,0,0
0.2838097221659845,0,1.5,0,0
0.28097162494432465,0,1.5,0,0
0.2781619086948814,0,1.5,0,0
0.2753802896079326,0,1.5,0,0
0.27262648671185324,0,1.5,0,0
0.2699002218447347,0,1.5,0,0
0.26720121962628735,0,1.5,0,0
0.26452920743002445,0,1.5,0,0
0.2618839153557242,0,1.5,0,0
0.25926507620216693,0,1.5,0,0
0.25667242544014524,0,1.5,0,0
0.25410570118574377,0,1.5,0,0
0.25156464417388635,0,1.5,0,0
0.24904899773214748,0,1.5,0,0
0.246558507754826,0,1.5,0,0
0.24409292267727772,0,1.5,0,0
0.24165199345050495,0,1.5,0,0
0.23923547351599989,0,1.5,0,0
0.23684311878083988,0,1.5,0,0
0.23447468759303147,0,1.5,0,0
0.23212994071710116,0,1.5,0,0
0.22980864130993015,0,1.5,0,0
0.22751055489683084,0,1.5,0,0
0.22523544934786252,0,1.5,0,0
0.2229830948543839,0,1.5,0,0
0.22075326390584005,0,1.5,0,0
0.21854573126678165,0,1.5,0,0
0.21636027395411384,0,1.5,0,0
0.2141966712145727,0,1.5,0,0
0.21205470450242697,0,1.5,0,0
0.2099341574574027,0,1.5,0,0
0.20783481588282868,0,1.5,0,0
0.20575646772400039,0,1.5,0,0
0.2036989030467604,0,1.5,0,0
0.20166191401629277,0,1.5,0,0
0.19964529487612984,0,1.5,0,0
0.19764884192736853,0,1.5,0,0
0.19567235350809484,0,1.5,0,0
0.1937156299730139,0,1.5,0,0
0.19177847367328374,0,1.5,0,0
0.1898606889365509,0,1.5,0,0
0.18796208204718537,0,1.5,0,0
0.1860824612267135,0,1.5,0,0
0.18422163661444638,0,1.5,0,0
0.18237942024830192,0,1.5,0,0
0.1805556260458189,0,1.5,0,0
0.1787500697853607,0,1.5,0,0
0.1769625690875071,0,1.5,0,0
0.17519294339663202,0,1.5,0,0
0.1734410139626657,0,1.5,0,0
0.17170660382303904,0,1.5,0,0
0.16998953778480866,0,1.5,0,0
0.16828964240696057,0,1.5,0,0
0.16660674598289096,0,1.5,0,0
0.16494067852306205,0,1.5,0,0
0.16329127173783142,0,1.5,0,0
0.1616583590204531,0,1.5,0,0
0.16004177543024858,0,1.5,0,0
0.1584413576759461,0,1.5,0,0
0.15685694409918666,0,1.5,0,0
0.15528837465819478,0,1.5,0,0
0.15373549091161284,0,1.5,0,0
0.1521981360024967,0,1.5,0,0
0.15067615464247175,0,1.5,0,0
0.14916939309604704,0,1.5,0,0
0.14767769916508658,0,1.5,0,0
0.14620092217343572,0,1.5,0,0
0.14473891295170135,0,1.5,0,0
0.14329152382218435,0,1.5,0,0
0.14185860858396251,0,1.5,0,0
0.1404400224981229,0,1.5,0,0
0.13903562227314167,0,1.5,0,0
0.13764526605041025,0,1.5,0,0
0.13626881338990615,0,1.5,0,0
0.1349061252560071,0,1.5,0,0
0.13355706400344702,0,1.5,0,0
0.13222149336341255,0,1.5,0,0
0.13089927842977842,0,1.5,0,0
0.12959028564548064,0,1.5,0,0
0.12829438278902583,0,1.5,0,0
0.12701143896113556,0,1.5,0,0
0.1257413245715242,0,1.5,0,0
0.12448391132580897,0,1.5,0,0
0.12323907221255087,0,1.5,0,0
0.12200668149042536,0,1.5,0,0
0.1207866146755211,0,1.5,0,0
0.11957874852876589,0,1.5,0,0
0.11838296104347823,0,1.5,0,0
0.11719913143304345,0,1.5,0,0
0.11602714011871301,0,1.5,0,0
0.11486686871752588,0,1.5,0,0
0.11371820003035062,0,1.5,0,0
0.11258101803004711,0,1.5,0,0
0.11145520784974663,0,1.5,0,0
0.11034065577124917,0,1.5,0,0
0.10923724921353668,0,1.5,0,0
0.10814487672140131,0,1.5,0,0
0.1070634279541873,0,1.5,0,0
0.10599279367464542,0,1.5,0,0
0.10493286573789896,0,1.5,0,0
0.10388353708051998,0,1.5,0,0
0.10284470170971478,0,1.5,0,0
0.10181625469261764,0,1.5,0,0
0.10079809214569146,0,1.5,0,0
0.09979011122423455,0,1.5,0,0
0.0987922101119922,0,1.5,0,0
0.09780428801087228,0,1.5,0,0
0.09682624513076356,0,1.5,0,0
0.09585798267945592,0,1.5,0,0
0.09489940285266135,0,1.5,0,0
0.09395040882413473,0,1.5,0,0
0.09301090473589338,0,1.5,0,0
0.09208079568853444,0,1.5,0,0
0.0911599877316491,0,1.5,0,0
0.0902483878543326,0,1.5,0,0
0.08934590397578927,0,1.5,0,0
0.08845244493603138,0,1.5,0,0
0.08756792048667107,0,1.5,0,0
0.08669224128180436,0,1.5,0,0
0.08582531886898631,0,1.5,0,0
0.08496706568029645,0,1.5,0,0
0.08411739502349348,0,1.5,0,0
0.08327622107325855,0,1.5,0,0
0.08244345886252596,0,1.5,0,0
0.0816190242739007,0,1.5,0,0
0.0808028340311617,0,1.5,0,0
0.07999480569085009,0,1.5,0,0
0.07919485763394159,0,1.5,0,0
0.07840290905760217,0,1.5,0,0
0.07761887996702614,0,1.5,0,0
0.07684269116735588,0,1.5,0,0
0.07607426425568233,0,1.5,0,0
0.0753135216131255,0,1.5,0,0
0.07456038639699425,0,1.5,0,0
0.0738147825330243,0,1.5,0,0
0.07307663470769406,0,1.5,0,0
0.07234586836061711,0,1.5,0,0
0.07162240967701095,0,1.5,0,0
0.07090618558024084,0,1.5,0,0
0.07019712372443843,0,1.5,0,0
0.06949515248719404,0,1.5,0,0
0.0688002009623221,0,1.5,0,0
0.06811219895269888,0,1.5,0,0
0.06743107696317188,0,1.5,0,0
0.06675676619354017,0,1.5,0,0
0.06608919853160476,0,1.5,0,0
0.06542830654628871,0,1.5,0,0
0.06477402348082582,0,1.5,0,0
0.06412628324601756,0,1.5,0,0
0.06348502041355739,0,1.5,0,0
0.06285017020942181,0,1.5,0,0
0.06222166850732759,0,1.5,0,0
0.06159945182225431,0,1.5,0,0
0.06098345730403177,0,1.5,0,0
0.06037362273099145,0,1.5,0,0
0.059769886503681535,0,1.5,0,0
0.05917218763864472,0,1.5,0,0
0.058580465762258276,0,1.5,0,0
0.05799466110463569,0,1.5,0,0
0.057414714493589335,0,1.5,0,0
0.05684056734865344,0,1.5,0,0
0.0562721616751669,0,1.5,0,0
0.05570944005841523,0,1.5,0,0
0.05515234565783108,0,1.5,0,0
0.05460082220125277,0,1.5,0,0
0.054054813979240245,0,1.5,0,0
0.05351426583944784,0,1.5,0,0
0.05297912318105336,0,1.5,0,0
0.05244933194924283,0,1.5,0,0
0.051924838629750406,0,1.5,0,0
0.0514055902434529,0,1.5,0,0
0.05089153434101837,0,1.5,0,0
0.05038261899760819,0,1.5,0,0
0.049878792807632105,0,1.5,0,0
0.04938000487955578,0,1.5,0,0
0.04888620483076022,0,1.5,0,0
0.04839734278245262,0,1.5,0,0
0.047913369354628095,0,1.5,0,0
0.04743423566108181,0,1.5,0,0
0.04695989330447099,0,1.5,0,0
0.04649029437142628,0,1.5,0,0
0.04602539142771202,0,1.5,0,0
0.0455651375134349,0,1.5,0,0
0.04510948613830055,0,1.5,0,0
0.04465839127691754,0,1.5,0,0
0.04421180736414837,0,1.5,0,0
0.04376968929050688,0,1.5,0,0
0.04333199239760181,0,1.5,0,0
0.0428986724736258,0,1.5,0,0
0.04246968574888954,0,1.5,0,0
0.042044988891400646,0,1.5,0,0
0.04162453900248664,0,1.5,0,0
0.04120829361246177,0,1.5,0,0
0.04079621067633715,0,1.5,0,0
0.04038824856957378,0,1.5,0,0
0.039984366083878044,0,1.5,0,0
0.03958452242303926,0,1.5,0,0
0.03918867719880887,0,1.5,0,0
0.03879679042682078,0,1.5,0,0
0.03840882252255257,0,1.5,0,0
0.03802473429732705,0,1.5,0,0
0.03764448695435378,0,1.5,0,0
0.03726804208481024,0,1.5,0,0
0.036895361663962144,0,1.5,0,0
0.036526408047322524,0,1.5,0,0
0.0361611439668493,0,1.5,0,0
0.03579953252718081,0,1.5,0,0
0.035441537201909,0,1.5,0,0
0.035087121829889906,0,1.5,0,0
0.034736250611591,0,1.5,0,0
0.03438888810547509,0,1.5,0,0
0.03404499922442034,0,1.5,0,0
0.03370454923217614,0,1.5,0,0
0.03336750373985438,0,1.5,0,0
0.03303382870245584,0,1.5,0,0
0.03270349041543128,0,1.5,0,0
0.03237645551127697,0,1.5,0,0
0.0320526909561642,0,1.5,0,0
0.031732164046602555,0,1.5,0,0
0.03141484240613653,0,1.5,0,0
0.031100693982075166,0,1.5,0,0
0.030789687042254415,0,1.5,0,0
0.03048179017183187,0,1.5,0,0
0.03017697227011355,0,1.5,0,0
0.029875202547412414,0,1.5,0,0
0.02957645052193829,0,1.5,0,0
0.029280686016718904,0,1.5,0,0
0.028987879156551714,0,1.5,0,0
0.028698000364986195,0,1.5,0,0
0.028411020361336334,0,1.5,0,0
0.02812691015772297,0,1.5,0,0
0.02784564105614574,0,1.5,0,0
0.027567184645584285,0,1.5,0,0
0.02729151279912844,0,1.5,0,0
0.027018597671137155,0,1.5,0,0
0.026748411694425784,0,1.5,0,0
0.026480927577481526,0,1.5,0,0
0.026216118301706712,0,1.5,0,0
0.025953957118689645,0,1.5,0,0
0.02569441754750275,0,1.5,0,0
0.02543747337202772,0,1.5,0,0
0.025183098638307443,0,1.5,0,0
0.02493126765192437,0,1.5,0,0
0.024681954975405124,0,1.5,0,0
0.024435135425651074,0,1.5,0,0
0.024190784071394564,0,1.5,0,0
0.023948876230680618,0,1.5,0,0
0.02370938746837381,0,1.5,0,0
0.02347229359369007,0,1.5,0,0
0.02323757065775317,0,1.5,0,0
0.023005194951175638,0,1.5,0,0
0.022775143001663882,0,1.5,0,0
0.022547391571647243,0,1.5,0,0
0.02232191765593077,0,1.5,0,0
0.022098698479371463,0,1.5,0,0
0.021877711494577748,0,1.5,0,0
0.02165893437963197,0,1.5,0,0
0.02144234503583565,0,1.5,0,0
0.021227921585477292,0,1.5,0,0
0.021015642369622518,0,1.5,0,0
0.02080548594592629,0,1.5,0,0
0.020597431086467027,0,1.5,0,0
0.020391456775602355,0,1.5,0,0
0.020187542207846333,0,1.5,0,0
0.01998566678576787,0,1.5,0,0
0.01978581011791019,0,1.5,0,0
0.019587952016731087,0,1.5,0,0
0.019392072496563776,0,1.5,0,0
0.01919815177159814,0,1.5,0,0
0.019006170253882158,0,1.5,0,0
0.018816108551343337,0,1.5,0,0
0.018627947465829905,0,1.5,0,0
0.018441667991171605,0,1.5,0,0
0.018257251311259888,0,1.5,0,0
0.018074678798147288,0,1.5,0,0
0.017893932010165814,0,1.5,0,0
0.017714992690064154,0,1.5,0,0
0.017537842763163513,0,1.5,0,0
0.017362464335531878,0,1.5,0,0
0.01718883969217656,0,1.5,0,0
0.017016951295254795,0,1.5,0,0
0.016846781782302245,0,1.5,0,0
0.016678313964479222,0,1.5,0,0
0.01651153082483443,0,1.5,0,0
0.016346415516586086,0,1.5,0,0
0.016182951361420225,0,1.5,0,0
0.016021121847806023,0,1.5,0,0
0.015860910629327964,0,1.5,0,0
0.015702301523034683,0,1.5,0,0
0.015545278507804336,0,1.5,0,0
0.015389825722726293,0,1.5,0,0
0.01523592746549903,0,1.5,0,0
0.015083568190844039,0,1.5,0,0
0.014932732508935597,0,1.5,0,0
0.014783405183846242,0,1.5,0,0
0.01463557113200778,0,1.5,0,0
0.014489215420687701,0,1.5,0,0
0.014344323266480824,0,1.5,0,0
0.014200880033816017,0,1.5,0,0
0.014058871233477856,0,1.5,0,0
0.013918282521143077,0,1.5,0,0
0.013779099695931647,0,1.5,0,0
0.013641308698972331,0,1.5,0,0
0.013504895611982608,0,1.5,0,0
0.013369846655862782,0,1.5,0,0
0.013236148189304154,0,1.5,0,0
0.013103786707411112,0,1.5,0,0
0.012972748840337,0,1.5,0,0
0.012843021351933631,0,1.5,0,0
0.012714591138414295,0,1.5,0,0
0.01258744522703015,0,1.5,0,0
0.01246157077475985,0,1.5,0,0
0.012336955067012252,0,1.5,0,0
0.01221358551634213,0,1.5,0,0
0.012091449661178708,0,1.5,0,0
0.01197053516456692,0,1.5,0,0
0.011850829812921251,0,1.5,0,0
0.01173232151479204,0,1.5,0,0
0.011614998299644118,0,1.5,0,0
0.011498848316647678,0,1.5,0,0
0.0113838598334812,0,1.5,0,0
0.011270021235146388,0,1.5,0,0
0.011157321022794923,0,1.5,0,0
0.011045747812566974,0,1.5,0,0
0.010935290334441303,0,1.5,0,0
0.01082593743109689,0,1.5,0,0
0.010717678056785921,0,1.5,0,0
0.010610501276218062,0,1.5,0,0
0.010504396263455881,0,1.5,0,0
0.010399352300821322,0,1.5,0,0
0.010295358777813108,0,1.5,0,0
0.010192405190034977,0,1.5,0,0
0.010090481138134627,0,1.5,0,0
0.00998957632675328,0,1.5,0,0
