POS_Set_point,VEL_setpoint,POS gain,VEL gain,FOC
3.206151293202105,0,1,0,0
3.174089780270084,0,1,0,0
3.1423488824673833,0,1,0,0
3.1109253936427095,0,1,0,0
3.079816139706282,0,1,0,0
3.0490179783092195,0,1,0,0
3.018527798526127,0,1,0,0
2.988342520540866,0,1,0,0
2.9584590953354573,0,1,0,0
2.9288745043821027,0,1,0,0
2.8995857593382817,0,1,0,0
2.870589901744899,0,1,0,0
2.84188400272745,0,1,0,0
2.8134651627001754,0,1,0,0
2.7853305110731736,0,1,0,0
2.757477205962442,0,1,0,0
2.7299024339028173,0,1,0,0
2.702603409563789,0,1,0,0
2.675577375468151,0,1,0,0
2.648821601713469,0,1,0,0
2.6223333856963342,0,1,0,0
2.596110051839371,0,1,0,0
2.570148951320977,0,1,0,0
2.5444474618077675,0,1,0,0
2.51900298718969,0,1,0,0
2.493812957317793,0,1,0,0
2.468874827744615,0,1,0,0
2.444186079467169,0,1,0,0
2.419744218672497,0,1,0,0
2.395546776485772,0,1,0,0
2.371591308720914,0,1,0,0
2.347875395633705,0,1,0,0
2.324396641677368,0,1,0,0
2.301152675260594,0,1,0,0
2.2781411485079883,0,1,0,0
2.2553597370229084,0,1,0,0
2.2328061396526793,0,1,0,0
2.2104780782561524,0,1,0,0
2.188373297473591,0,1,0,0
2.166489564498855,0,1,0,0
2.1448246688538664,0,1,0,0
2.1233764221653275,0,1,0,0
2.1021426579436744,0,1,0,0
2.0811212313642375,0,1,0,0
2.060310019050595,0,1,0,0
2.039706918860089,0,1,0,0
2.019309849671488,0,1,0,0
1.9991167511747732,0,1,0,0
1.9791255836630255,0,1,0,0
1.9593343278263953,0,1,0,0
1.9397409845481313,0,1,0,0
1.9203435747026498,0,1,0,0
1.9011401389556233,0,1,0,0
1.8821287375660671,0,1,0,0
1.8633074501904066,0,1,0,0
1.8446743756885025,0,1,0,0
1.8262276319316175,0,1,0,0
1.8079653556123014,0,1,0,0
1.7898857020561785,0,1,0,0
1.7719868450356167,0,1,0,0
1.7542669765852605,0,1,0,0
1.7367243068194078,0,1,0,0
1.7193570637512137,0,1,0,0
1.7021634931137015,0,1,0,0
1.6851418581825646,0,1,0,0
1.668290439600739,0,1,0,0
1.6516075352047315,0,1,0,0
1.6350914598526842,0,1,0,0
1.6187405452541574,0,1,0,0
1.602553139801616,0,1,0,0
1.5865276084035997,0,1,0,0
1.5706623323195636,0,1,0,0
1.554955708996368,0,1,0,0
1.5394061519064042,0,1,0,0
1.5240120903873402,0,1,0,0
1.5087719694834667,0,1,0,0
1.493684249788632,0,1,0,0
1.4787474072907456,0,1,0,0
1.4639599332178381,0,1,0,0
1.4493203338856597,0,1,0,0
1.4348271305468032,0,1,0,0
1.420478859241335,0,1,0,0
1.4062740706489218,0,1,0,0
1.3922113299424326,0,1,0,0
1.3782892166430083,0,1,0,0
1.3645063244765783,0,1,0,0
1.3508612612318125,0,1,0,0
1.3373526486194944,0,1,0,0
1.3239791221332995,0,1,0,0
1.3107393309119666,0,1,0,0
1.297631937602847,0,1,0,0
1.2846556182268185,0,1,0,0
1.2718090620445504,0,1,0,0
1.2590909714241048,0,1,0,0
1.2465000617098636,0,1,0,0
1.234035061092765,0,1,0,0
1.2216947104818374,0,1,0,0
1.209477763377019,0,1,0,0
1.197382985743249,0,1,0,0
1.1854091558858164,0,1,0,0
1.1735550643269583,0,1,0,0
1.1618195136836886,0,1,0,0
1.1502013185468518,0,1,0,0
1.1386993053613832,0,1,0,0
1.1273123123077693,0,1,0,0
1.1160391891846917,0,1,0,0
1.1048787972928447,0,1,0,0
1.0938300093199163,0,1,0,0
1.0828917092267172,0,1,0,0
1.07206279213445,0,1,0,0
1.0613421642131056,0,1,0,0
1.0507287425709746,0,1,0,0
1.0402214551452649,0,1,0,0
1.0298192405938122,0,1,0,0
1.019521048187874,0,1,0,0
1.0093258377059953,0,1,0,0
0.9992325793289353,0,1,0,0
0.9892402535356459,0,1,0,0
0.9793478510002894,0,1,0,0
0.9695543724902865,0,1,0,0
0.9598588287653836,0,1,0,0
0.9502602404777298,0,1,0,0
0.9407576380729525,0,1,0,0
0.931350061692223,0,1,0,0
0.9220365610753007,0,1,0,0
0.9128161954645477,0,1,0,0
0.9036880335099022,0,1,0,0
0.8946511531748031,0,1,0,0
0.8857046416430551,0,1,0,0
0.8768475952266245,0,1,0,0
0.8680791192743582,0,1,0,0
0.8593983280816146,0,1,0,0
0.8508043448007985,0,1,0,0
0.8422963013527904,0,1,0,0
0.8338733383392625,0,1,0,0
0.8255346049558698,0,1,0,0
0.8172792589063111,0,1,0,0
0.809106466317248,0,1,0,0
0.8010154016540756,0,1,0,0
0.7930052476375348,0,1,0,0
0.7850751951611594,0,1,0,0
0.7772244432095479,0,1,0,0
0.7694521987774524,0,1,0,0
0.7617576767896779,0,1,0,0
0.7541401000217811,0,1,0,0
0.7465986990215633,0,1,0,0
0.7391327120313477,0,1,0,0
0.7317413849110342,0,1,0,0
0.7244239710619239,0,1,0,0
0.7171797313513046,0,1,0,0
0.7100079340377916,0,1,0,0
0.7029078546974137,0,1,0,0
0.6958787761504396,0,1,0,0
0.6889199883889352,0,1,0,0
0.6820307885050458,0,1,0,0
0.6752104806199953,0,1,0,0
0.6684583758137954,0,1,0,0
0.6617737920556575,0,1,0,0
0.6551560541351009,0,1,0,0
0.6486044935937499,0,1,0,0
0.6421184486578124,0,1,0,0
0.6356972641712343,0,1,0,0
0.629340291529522,0,1,0,0
0.6230468886142267,0,1,0,0
0.6168164197280844,0,1,0,0
0.6106482555308036,0,1,0,0
0.6045417729754956,0,1,0,0
0.5984963552457406,0,1,0,0
0.5925113916932833,0,1,0,0
0.5865862777763504,0,1,0,0
0.580720414998587,0,1,0,0
0.574913210848601,0,1,0,0
0.569164078740115,0,1,0,0
0.5634724379527138,0,1,0,0
0.5578377135731867,0,1,0,0
0.5522593364374548,0,1,0,0
0.5467367430730803,0,1,0,0
0.5412693756423494,0,1,0,0
0.535856681885926,0,1,0,0
0.5304981150670667,0,1,0,0
0.525193133916396,0,1,0,0
0.519941202577232,0,1,0,0
0.5147417905514596,0,1,0,0
0.509594372645945,0,1,0,0
0.5044984289194855,0,1,0,0
0.4994534446302906,0,1,0,0
0.4944589101839877,0,1,0,0
0.4895143210821478,0,1,0,0
0.48461917787132636,0,1,0,0
0.4797729860926131,0,1,0,0
0.47497525623168696,0,1,0,0
0.4702255036693701,0,1,0,0
0.4655232486326764,0,1,0,0
0.46086801614634965,0,1,0,0
0.45625933598488616,0,1,0,0
0.4516967426250373,0,1,0,0
0.44717977519878693,0,1,0,0
0.4427079774467991,0,1,0,0
0.4382808976723311,0,1,0,0
0.43389808869560775,0,1,0,0
0.4295591078086517,0,1,0,0
0.42526351673056517,0,1,0,0
0.4210108815632595,0,1,0,0
0.4168007727476269,0,1,0,0
0.4126327650201506,0,1,0,0
0.4085064373699491,0,1,0,0
0.40442137299624964,0,1,0,0
0.40037715926628714,0,1,0,0
0.3963733876736243,0,1,0,0
0.392409653796888,0,1,0,0
0.38848555725891915,0,1,0,0
0.3846007016863299,0,1,0,0
0.3807546946694666,0,1,0,0
0.37694714772277194,0,1,0,0
0.3731776762455442,0,1,0,0
0.36944589948308876,0,1,0,0
0.36575144048825786,0,1,0,0
0.36209392608337526,0,1,0,0
0.35847298682254153,0,1,0,0
0.3548882569543161,0,1,0,0
0.3513393743847729,0,1,0,0
0.3478259806409252,0,1,0,0
0.3443477208345159,0,1,0,0
0.3409042436261708,0,1,0,0
0.33749520118990906,0,1,0,0
0.33412024917801,0,1,0,0
0.33077904668622987,0,1,0,0
0.32747125621936757,0,1,0,0
0.3241965436571739,0,1,0,0
0.32095457822060214,0,1,0,0
0.31774503243839614,0,1,0,0
0.31456758211401215,0,1,0,0
0.31142190629287203,0,1,0,0
0.3083076872299433,0,1,0,0
0.30522461035764387,0,1,0,0
0.3021723642540674,0,1,0,0
0.29915064061152674,0,1,0,0
0.29615913420541146,0,1,0,0
0.29319754286335736,0,1,0,0
0.2902655674347238,0,1,0,0
0.2873629117603766,0,1,0,0
0.28448928264277284,0,1,0,0
0.2816443898163451,0,1,0,0
0.27882794591818166,0,1,0,0
0.27603966645899985,0,1,0,0
0.27327926979440986,0,1,0,0
0.2705464770964658,0,1,0,0
0.2678410123255011,0,1,0,0
0.2651626022022461,0,1,0,0
0.2625109761802236,0,1,0,0
0.2598858664184214,0,1,0,0
0.2572870077542372,0,1,0,0
0.2547141376766948,0,1,0,0
0.2521669962999279,0,1,0,0
0.24964532633692862,0,1,0,0
0.24714887307355934,0,1,0,0
0.24467738434282374,0,1,0,0
0.2422306104993955,0,1,0,0
0.23980830439440154,0,1,0,0
0.23741022135045753,0,1,0,0
0.23503611913695296,0,1,0,0
0.23268575794558344,0,1,0,0
0.2303589003661276,0,1,0,0
0.22805531136246632,0,1,0,0
0.22577475824884166,0,1,0,0
0.22351701066635324,0,1,0,0
0.2212818405596897,0,1,0,0
0.2190690221540928,0,1,0,0
0.21687833193255188,0,1,0,0
0.21470954861322636,0,1,0,0
0.2125624531270941,0,1,0,0
0.21043682859582316,0,1,0,0
0.20833246030986494,0,1,0,0
0.20624913570676628,0,1,0,0
0.20418664434969863,0,1,0,0
0.20214477790620164,0,1,0,0
0.20012333012713962,0,1,0,0
0.19812209682586823,0,1,0,0
0.19614087585760956,0,1,0,0
0.19417946709903347,0,1,0,0
0.19223767242804313,0,1,0,0
0.19031529570376268,0,1,0,0
0.18841214274672505,0,1,0,0
0.1865280213192578,0,1,0,0
0.18466274110606523,0,1,0,0
0.18281611369500458,0,1,0,0
0.18098795255805453,0,1,0,0
0.179178073032474,0,1,0,0
0.17738629230214925,0,1,0,0
0.17561242937912774,0,1,0,0
0.17385630508533648,0,1,0,0
0.1721177420344831,0,1,0,0
0.17039656461413827,0,1,0,0
0.16869259896799688,0,1,0,0
0.1670056729783169,0,1,0,0
0.1653356162485337,0,1,0,0
0.1636822600860484,0,1,0,0
0.1620454374851879,0,1,0,0
0.160424983110336,0,1,0,0
0.15882073327923266,0,1,0,0
0.15723252594644033,0,1,0,0
0.15566020068697592,0,1,0,0
0.15410359868010615,0,1,0,0
0.1525625626933051,0,1,0,0
0.15103693706637203,0,1,0,0
0.1495265676957083,0,1,0,0
0.1480313020187512,0,1,0,0
0.1465509889985637,0,1,0,0
0.14508547910857805,0,1,0,0
0.14363462431749227,0,1,0,0
0.14219827807431734,0,1,0,0
0.14077629529357416,0,1,0,0
0.13936853234063842,0,1,0,0
0.13797484701723203,0,1,0,0
0.1365950985470597,0,1,0,0
0.1352291475615891,0,1,0,0
0.13387685608597322,0,1,0,0
0.13253808752511348,0,1,0,0
0.13121270664986234,0,1,0,0
0.1299005795833637,0,1,0,0
0.12860157378753007,0,1,0,0
0.12731555804965478,0,1,0,0
0.12604240246915824,0,1,0,0
0.12478197844446666,0,1,0,0
0.12353415866002199,0,1,0,0
0.12229881707342176,0,1,0,0
0.12107582890268755,0,1,0,0
0.11986507061366067,0,1,0,0
0.11866641990752406,0,1,0,0
0.11747975570844882,0,1,0,0
0.11630495815136432,0,1,0,0
0.11514190856985068,0,1,0,0
0.11399048948415218,0,1,0,0
0.11285058458931066,0,1,0,0
0.11172207874341755,0,1,0,0
0.11060485795598338,0,1,0,0
0.10949880937642355,0,1,0,0
0.10840382128265931,0,1,0,0
0.10731978306983271,0,1,0,0
0.10624658523913438,0,1,0,0
0.10518411938674303,0,1,0,0
0.1041322781928756,0,1,0,0
0.10309095541094684,0,1,0,0
0.10206004585683738,0,1,0,0
0.101039445398269,0,1,0,0
0.10002905094428631,0,1,0,0
0.09902876043484345,0,1,0,0
0.09803847283049501,0,1,0,0
0.09705808810219006,0,1,0,0
0.09608750722116816,0,1,0,0
0.09512663214895647,0,1,0,0
0.09417536582746691,0,1,0,0
0.09323361216919224,0,1,0,0
0.09230127604750031,0,1,0,0
0.09137826328702531,0,1,0,0
0.09046448065415505,0,1,0,0
0.0895598358476135,0,1,0,0
0.08866423748913736,0,1,0,0
0.08777759511424599,0,1,0,0
0.08689981916310353,0,1,0,0
0.0860308209714725,0,1,0,0
0.08517051276175777,0,1,0,0
0.0843188076341402,0,1,0,0
0.0834756195577988,0,1,0,0
0.0826408633622208,0,1,0,0
0.08181445472859859,0,1,0,0
0.0809963101813126,0,1,0,0
0.08018634707949948,0,1,0,0
0.07938448360870448,0,1,0,0
0.07859063877261743,0,1,0,0
0.07780473238489126,0,1,0,0
0.07702668506104235,0,1,0,0
0.07625641821043193,0,1,0,0
0.0754938540283276,0,1,0,0
0.07473891548804433,0,1,0,0
0.07399152633316389,0,1,0,0
0.07325161106983225,0,1,0,0
0.07251909495913392,0,1,0,0
0.07179390400954258,0,1,0,0
0.07107596496944715,0,1,0,0
0.07036520531975268,0,1,0,0
0.06966155326655515,0,1,0,0
0.0689649377338896,0,1,0,0
0.06827528835655071,0,1,0,0
0.0675925354729852,0,1,0,0
0.06691661011825535,0,1,0,0
0.0662474440170728,0,1,0,0
0.06558496957690207,0,1,0,0
0.06492911988113305,0,1,0,0
0.06427982868232172,0,1,0,0
0.0636370303954985,0,1,0,0
0.06300066009154352,0,1,0,0
0.062370653490628085,0,1,0,0
0.061746946955721804,0,1,0,0
0.06112947748616458,0,1,0,0
0.06051818271130294,0,1,0,0
0.05991300088418991,0,1,0,0
0.05931387087534801,0,1,0,0
0.05872073216659453,0,1,0,0
0.058133524844928584,0,1,0,0
0.0575521895964793,0,1,0,0
0.05697666770051451,0,1,0,0
0.05640690102350936,0,1,0,0
0.05584283201327427,0,1,0,0
0.055284403693141526,0,1,0,0
0.05473155965621011,0,1,0,0
0.05418424405964801,0,1,0,0
0.053642401619051525,0,1,0,0
0.05310597760286101,0,1,0,0
0.0525749178268324,0,1,0,0
0.05204916864856408,0,1,0,0
0.05152867696207843,0,1,0,0
0.051013390192457646,0,1,0,0
0.050503256290533066,0,1,0,0
0.04999822372762774,0,1,0,0
0.04949824149035146,0,1,0,0
0.04900325907544795,0,1,0,0
0.048513226484693465,0,1,0,0
0.04802809421984653,0,1,0,0
0.047547813277648066,0,1,0,0
0.04707233514487159,0,1,0,0
0.04660161179342287,0,1,0,0
0.04613559567548864,0,1,0,0
0.04567423971873375,0,1,0,0
0.04521749732154642,0,1,0,0
0.04476532234833095,0,1,0,0
0.04431766912484764,0,1,0,0
0.043874492433599165,0,1,0,0
0.04343574750926317,0,1,0,0
0.043001390034170535,0,1,0,0
0.04257137613382883,0,1,0,0
0.042145662372490546,0,1,0,0
0.04172420574876564,0,1,0,0
0.04130696369127798,0,1,0,0
0.0408938940543652,0,1,0,0
0.040484955113821545,0,1,0,0
0.04008010556268333,0,1,0,0
0.03967930450705649,0,1,0,0
0.03928251146198593,0,1,0,0
0.038889686347366066,0,1,0,0
0.038500789483892406,0,1,0,0
0.03811578158905348,0,1,0,0
0.037734623773162945,0,1,0,0
0.03735727753543132,0,1,0,0
0.03698370476007701,0,1,0,0
0.03661386771247624,0,1,0,0
0.03624772903535148,0,1,0,0
0.035885251744997966,0,1,0,0
0.03552639922754799,0,1,0,0
0.03517113523527251,0,1,0,0
0.03481942388291978,0,1,0,0
0.034471229644090585,0,1,0,0
0.03412651734764968,0,1,0,0
0.033785252174173185,0,1,0,0
0.03344739965243145,0,1,0,0
0.033112925655907136,0,1,0,0
0.032781796399348063,0,1,0,0
0.03245397843535458,0,1,0,0
0.032129438651001034,0,1,0,0
0.03180814426449102,0,1,0,0
0.03149006282184611,0,1,0,0
0.03117516219362765,0,1,0,0
0.030863410571691376,0,1,0,0
0.030554776465974463,0,1,0,0
0.030249228701314718,0,1,0,0
0.02994673641430157,0,1,0,0
0.029647269050158555,0,1,0,0
0.02935079635965697,0,1,0,0
0.0290572883960604,0,1,0,0
0.028766715512099795,0,1,0,0
0.028479048356978797,0,1,0,0
0.02819425787340901,0,1,0,0
0.02791231529467492,0,1,0,0
0.02763319214172817,0,1,0,0
0.02735686022031089,0,1,0,0
0.027083291618107783,0,1,0,0
0.026812458701926705,0,1,0,0
0.026544334114907437,0,1,0,0
0.026278890773758362,0,1,0,0
0.02601610186602078,0,1,0,0
0.025755940847360572,0,1,0,0
0.025498381438886965,0,1,0,0
0.025243397624498096,0,1,0,0
0.024990963648253116,0,1,0,0
0.024741054011770583,0,1,0,0
0.024493643471652875,0,1,0,0
0.024248707036936348,0,1,0,0
0.024006219966566985,0,1,0,0
0.023766157766901316,0,1,0,0
0.023528496189232303,0,1,0,0
0.02329321122733998,0,1,0,0
0.02306027911506658,0,1,0,0
0.022829676323915915,0,1,0,0
0.022601379560676756,0,1,0,0
0.022375365765069988,0,1,0,0
0.022151612107419286,0,1,0,0
0.021930095986345093,0,1,0,0
0.02171079502648164,0,1,0,0
0.021493687076216825,0,1,0,0
0.021278750205454656,0,1,0,0
0.02106596270340011,0,1,0,0
0.02085530307636611,0,1,0,0
0.020646750045602447,0,1,0,0
0.02044028254514642,0,1,0,0
0.020235879719694958,0,1,0,0
0.020033520922498008,0,1,0,0
0.019833185713273027,0,1,0,0
0.0196348538561403,0,1,0,0
0.019438505317578895,0,1,0,0
0.019244120264403107,0,1,0,0
0.019051679061759075,0,1,0,0
0.018861162271141485,0,1,0,0
0.01867255064843007,0,1,0,0
0.01848582514194577,0,1,0,0
0.01830096689052631,0,1,0,0
0.01811795722162105,0,1,0,0
0.017936777649404836,0,1,0,0
0.017757409872910787,0,1,0,0
0.01757983577418168,0,1,0,0
0.017404037416439862,0,1,0,0
0.017229997042275465,0,1,0,0
0.01705769707185271,0,1,0,0
0.016887120101134183,0,1,0,0
0.016718248900122842,0,1,0,0
0.016551066411121612,0,1,0,0
0.016385555747010398,0,1,0,0
0.016221700189540292,0,1,0,0
0.01605948318764489,0,1,0,0
0.01589888835576844,0,1,0,0
0.015739899472210755,0,1,0,0
0.015582500477488647,0,1,0,0
0.01542667547271376,0,1,0,0
0.015272408717986621,0,1,0,0
0.015119684630806755,0,1,0,0
0.014968487784498687,0,1,0,0
0.0148188029066537,0,1,0,0
0.014670614877587163,0,1,0,0
0.014523908728811291,0,1,0,0
0.014378669641523179,0,1,0,0
0.014234882945107946,0,1,0,0
0.014092534115656866,0,1,0,0
0.013951608774500298,0,1,0,0
0.013812092686755295,0,1,0,0
0.013673971759887741,0,1,0,0
0.013537232042288863,0,1,0,0
0.013401859721865974,0,1,0,0
0.013267841124647314,0,1,0,0
0.01313516271340084,0,1,0,0
0.013003811086266833,0,1,0,0
0.012873772975404164,0,1,0,0
0.012745035245650122,0,1,0,0
0.012617584893193621,0,1,0,0
0.012491409044261685,0,1,0,0
0.012366494953819068,0,1,0,0
0.012242830004280877,0,1,0,0
0.012120401704238068,0,1,0,0
0.011999197687195687,0,1,0,0
0.01187920571032373,0,1,0,0
0.011760413653220494,0,1,0,0
0.01164280951668829,0,1,0,0
0.011526381421521407,0,1,0,0
0.011411117607306193,0,1,0,0
0.01129700643123313,0,1,0,0
0.011184036366920799,0,1,0,0
0.011072196003251591,0,1,0,0
0.010961474043219075,0,1,0,0
0.010851859302786884,0,1,0,0
0.010743340709759016,0,1,0,0
0.010635907302661425,0,1,0,0
0.01052954822963481,0,1,0,0
0.010424252747338462,0,1,0,0
0.010320010219865077,0,1,0,0
0.010216810117666427,0,1,0,0
0.010114642016489763,0,1,0,0
0.010013495596324865,0,1,0,0
0.009913360640361616,0,1,0,0
