POS_Set_point,VEL_setpoint,POS gain,VEL gain,FOC
3.101539253833829,0,2,0,0
3.0705238612954906,0,2,0,0
3.0398186226825357,0,2,0,0
3.0094204364557102,0,2,0,0
2.979326232091153,0,2,0,0
2.9495329697702415,0,2,0,0
2.920037640072539,0,2,0,0
2.8908372636718136,0,2,0,0
2.8619288910350953,0,2,0,0
2.833309602124744,0,2,0,0
2.804976506103497,0,2,0,0
2.7769267410424616,0,2,0,0
2.749157473632037,0,2,0,0
2.7216658988957168,0,2,0,0
2.6944492399067594,0,2,0,0
2.667504747507692,0,2,0,0
2.640829700032615,0,2,0,0
2.614421403032289,0,2,0,0
2.5882771890019662,0,2,0,0
2.5623944171119466,0,2,0,0
2.536770472940827,0,2,0,0
2.511402768211419,0,2,0,0
2.4862887405293046,0,2,0,0
2.4614258531240116,0,2,0,0
2.4368115945927715,0,2,0,0
2.4124434786468436,0,2,0,0
2.388319043860375,0,2,0,0
2.3644358534217713,0,2,0,0
2.3407914948875534,0,2,0,0
2.317383579938678,0,2,0,0
2.294209744139291,0,2,0,0
2.2712676466978983,0,2,0,0
2.248554970230919,0,2,0,0
2.22606942052861,0,2,0,0
2.2038087263233237,0,2,0,0
2.1817706390600904,0,2,0,0
2.1599529326694893,0,2,0,0
2.1383534033427942,0,2,0,0
2.1169698693093664,0,2,0,0
2.0958001706162728,0,2,0,0
2.07484216891011,0,2,0,0
2.054093747221009,0,2,0,0
2.033552809748799,0,2,0,0
2.0132172816513108,0,2,0,0
1.9930851088347976,0,2,0,0
1.9731542577464496,0,2,0,0
1.9534227151689851,0,2,0,0
1.9338884880172953,0,2,0,0
1.9145496031371223,0,2,0,0
1.895404107105751,0,2,0,0
1.8764500660346934,0,2,0,0
1.8576855653743465,0,2,0,0
1.839108709720603,0,2,0,0
1.820717622623397,0,2,0,0
1.802510446397163,0,2,0,0
1.7844853419331914,0,2,0,0
1.7666404885138596,0,2,0,0
1.7489740836287209,0,2,0,0
1.7314843427924336,0,2,0,0
1.7141694993645091,0,2,0,0
1.697027804370864,0,2,0,0
1.6800575263271553,0,2,0,0
1.6632569510638837,0,2,0,0
1.6466243815532449,0,2,0,0
1.6301581377377123,0,2,0,0
1.6138565563603353,0,2,0,0
1.597717990796732,0,2,0,0
1.5817408108887647,0,2,0,0
1.565923402779877,0,2,0,0
1.5502641687520782,0,2,0,0
1.5347615270645574,0,2,0,0
1.5194139117939118,0,2,0,0
1.5042197726759727,0,2,0,0
1.489177574949213,0,2,0,0
1.474285799199721,0,2,0,0
1.4595429412077237,0,2,0,0
1.4449475117956465,0,2,0,0
1.43049803667769,0,2,0,0
1.416193056310913,0,2,0,0
1.402031125747804,0,2,0,0
1.3880108144903258,0,2,0,0
1.3741307063454224,0,2,0,0
1.3603893992819682,0,2,0,0
1.3467855052891484,0,2,0,0
1.333317650236257,0,2,0,0
1.3199844737338944,0,2,0,0
1.3067846289965555,0,2,0,0
1.2937167827065899,0,2,0,0
1.2807796148795239,0,2,0,0
1.2679718187307285,0,2,0,0
1.2552921005434212,0,2,0,0
1.242739179537987,0,2,0,0
1.230311787742607,0,2,0,0
1.218008669865181,0,2,0,0
1.2058285831665292,0,2,0,0
1.1937702973348638,0,2,0,0
1.181832594361515,0,2,0,0
1.1700142684179,0,2,0,0
1.158314125733721,0,2,0,0
1.1467309844763838,0,2,0,0
1.13526367463162,0,2,0,0
1.1239110378853039,0,2,0,0
1.112671927506451,0,2,0,0
1.1015452082313864,0,2,0,0
1.0905297561490725,0,2,0,0
1.0796244585875818,0,2,0,0
1.068828214001706,0,2,0,0
1.0581399318616889,0,2,0,0
1.047558532543072,0,2,0,0
1.0370829472176413,0,2,0,0
1.0267121177454648,0,2,0,0
1.01644499656801,0,2,0,0
1.00628054660233,0,2,0,0
0.9962177411363066,0,2,0,0
0.9862555637249435,0,2,0,0
0.976393008087694,0,2,0,0
0.9666290780068171,0,2,0,0
0.9569627872267489,0,2,0,0
0.9473931593544814,0,2,0,0
0.9379192277609366,0,2,0,0
0.9285400354833272,0,2,0,0
0.9192546351284939,0,2,0,0
0.910062088777209,0,2,0,0
0.9009614678894369,0,2,0,0
0.8919518532105425,0,2,0,0
0.883032334678437,0,2,0,0
0.8742020113316527,0,2,0,0
0.8654599912183362,0,2,0,0
0.8568053913061529,0,2,0,0
0.8482373373930913,0,2,0,0
0.8397549640191604,0,2,0,0
0.8313574143789688,0,2,0,0
0.8230438402351791,0,2,0,0
0.8148134018328272,0,2,0,0
0.806665267814499,0,2,0,0
0.798598615136354,0,2,0,0
0.7906126289849904,0,2,0,0
0.7827065026951405,0,2,0,0
0.7748794376681891,0,2,0,0
0.7671306432915073,0,2,0,0
0.7594593368585922,0,2,0,0
0.7518647434900063,0,2,0,0
0.7443460960551063,0,2,0,0
0.7369026350945552,0,2,0,0
0.7295336087436096,0,2,0,0
0.7222382726561735,0,2,0,0
0.7150158899296117,0,2,0,0
0.7078657310303156,0,2,0,0
0.7007870737200124,0,2,0,0
0.6937792029828123,0,2,0,0
0.6868414109529841,0,2,0,0
0.6799729968434542,0,2,0,0
0.6731732668750197,0,2,0,0
0.6664415342062695,0,2,0,0
0.6597771188642068,0,2,0,0
0.6531793476755647,0,2,0,0
0.646647554198809,0,2,0,0
0.640181078656821,0,2,0,0
0.6337792678702527,0,2,0,0
0.6274414751915502,0,2,0,0
0.6211670604396348,0,2,0,0
0.6149553898352385,0,2,0,0
0.6088058359368861,0,2,0,0
0.6027177775775172,0,2,0,0
0.596690599801742,0,2,0,0
0.5907236938037246,0,2,0,0
0.5848164568656873,0,2,0,0
0.5789682922970304,0,2,0,0
0.5731786093740601,0,2,0,0
0.5674468232803195,0,2,0,0
0.5617723550475163,0,2,0,0
0.5561546314970411,0,2,0,0
0.5505930851820707,0,2,0,0
0.54508715433025,0,2,0,0
0.5396362827869475,0,2,0,0
0.534239919959078,0,2,0,0
0.5288975207594873,0,2,0,0
0.5236085455518924,0,2,0,0
0.5183724600963735,0,2,0,0
0.5131887354954098,0,2,0,0
0.5080568481404557,0,2,0,0
0.5029762796590511,0,2,0,0
0.4979465168624606,0,2,0,0
0.492967051693836,0,2,0,0
0.4880373811768976,0,2,0,0
0.4831570073651286,0,2,0,0
0.4783254372914773,0,2,0,0
0.47354218291856254,0,2,0,0
0.4688067610893769,0,2,0,0
0.4641186934784831,0,2,0,0
0.4594775065436983,0,2,0,0
0.4548827314782613,0,2,0,0
0.4503339041634787,0,2,0,0
0.4458305651218439,0,2,0,0
0.4413722594706254,0,2,0,0
0.4369585368759192,0,2,0,0
0.43258895150716,0,2,0,0
0.42826306199208836,0,2,0,0
0.42398043137216745,0,2,0,0
0.4197406270584458,0,2,0,0
0.4155432207878613,0,2,0,0
0.4113877885799827,0,2,0,0
0.4072739106941829,0,2,0,0
0.40320117158724106,0,2,0,0
0.39916915987136864,0,2,0,0
0.39517746827265493,0,2,0,0
0.39122569358992837,0,2,0,0
0.38731343665402906,0,2,0,0
0.38344030228748877,0,2,0,0
0.37960589926461386,0,2,0,0
0.37580984027196773,0,2,0,0
0.37205174186924805,0,2,0,0
0.36833122445055555,0,2,0,0
0.36464791220605,0,2,0,0
0.36100143308398946,0,2,0,0
0.35739141875314956,0,2,0,0
0.35381750456561806,0,2,0,0
0.3502793295199619,0,2,0,0
0.34677653622476223,0,2,0,0
0.3433087708625146,0,2,0,0
0.33987568315388944,0,2,0,0
0.33647692632235054,0,2,0,0
0.33311215705912706,0,2,0,0
0.32978103548853577,0,2,0,0
0.3264832251336504,0,2,0,0
0.3232183928823139,0,2,0,0
0.3199862089534908,0,2,0,0
0.31678634686395585,0,2,0,0
0.3136184833953163,0,2,0,0
0.3104822985613631,0,2,0,0
0.30737747557574946,0,2,0,0
0.304303700819992,0,2,0,0
0.30126066381179206,0,2,0,0
0.29824805717367414,0,2,0,0
0.2952655766019374,0,2,0,0
0.29231292083591803,0,2,0,0
0.28938979162755885,0,2,0,0
0.28649589371128326,0,2,0,0
0.2836309347741704,0,2,0,0
0.2807946254264287,0,2,0,0
0.2779866791721644,0,2,0,0
0.27520681238044276,0,2,0,0
0.27245474425663835,0,2,0,0
0.26973019681407195,0,2,0,0
0.26703289484593123,0,2,0,0
0.2643625658974719,0,2,0,0
0.2617189402384972,0,2,0,0
0.2591017508361122,0,2,0,0
0.2565107333277511,0,2,0,0
0.25394562599447357,0,2,0,0
0.25140616973452884,0,2,0,0
0.24889210803718353,0,2,0,0
0.2464031869568117,0,2,0,0
0.2439391550872436,0,2,0,0
0.24149976353637115,0,2,0,0
0.23908476590100744,0,2,0,0
0.23669391824199737,0,2,0,0
0.2343269790595774,0,2,0,0
0.23198370926898162,0,2,0,0
0.2296638721762918,0,2,0,0
0.2273672334545289,0,2,0,0
0.2250935611199836,0,2,0,0
0.22284262550878375,0,2,0,0
0.2206141992536959,0,2,0,0
0.21840805726115894,0,2,0,0
0.21622397668854734,0,2,0,0
0.21406173692166186,0,2,0,0
0.21192111955244525,0,2,0,0
0.20980190835692078,0,2,0,0
0.20770388927335157,0,2,0,0
0.20562685038061804,0,2,0,0
0.20357058187681185,0,2,0,0
0.20153487605804374,0,2,0,0
0.1995195272974633,0,2,0,0
0.19752433202448866,0,2,0,0
0.19554908870424376,0,2,0,0
0.1935935978172013,0,2,0,0
0.1916576618390293,0,2,0,0
0.189741085220639,0,2,0,0
0.1878436743684326,0,2,0,0
0.1859652376247483,0,2,0,0
0.1841055852485008,0,2,0,0
0.18226452939601578,0,2,0,0
0.18044188410205564,0,2,0,0
0.17863746526103508,0,2,0,0
0.17685109060842472,0,2,0,0
0.17508257970234048,0,2,0,0
0.17333175390531708,0,2,0,0
0.1715984363662639,0,2,0,0
0.16988245200260127,0,2,0,0
0.16818362748257526,0,2,0,0
0.1665017912077495,0,2,0,0
0.164836773295672,0,2,0,0
0.16318840556271527,0,2,0,0
0.16155652150708813,0,2,0,0
0.15994095629201724,0,2,0,0
0.15834154672909706,0,2,0,0
0.1567581312618061,0,2,0,0
0.15519054994918804,0,2,0,0
0.15363864444969616,0,2,0,0
0.1521022580051992,0,2,0,0
0.1505812354251472,0,2,0,0
0.14907542307089572,0,2,0,0
0.14758466884018676,0,2,0,0
0.1461088221517849,0,2,0,0
0.14464773393026703,0,2,0,0
0.14320125659096436,0,2,0,0
0.14176924402505472,0,2,0,0
0.14035155158480417,0,2,0,0
0.13894803606895612,0,2,0,0
0.13755855570826656,0,2,0,0
0.13618297015118389,0,2,0,0
0.13482114044967206,0,2,0,0
0.13347292904517533,0,2,0,0
0.13213819975472357,0,2,0,0
0.13081681775717632,0,2,0,0
0.12950864957960456,0,2,0,0
0.12821356308380852,0,2,0,0
0.12693142745297042,0,2,0,0
0.12566211317844073,0,2,0,0
0.12440549204665632,0,2,0,0
0.12316143712618977,0,2,0,0
0.12192982275492786,0,2,0,0
0.12071052452737858,0,2,0,0
0.1195034192821048,0,2,0,0
0.11830838508928375,0,2,0,0
0.1171253012383909,0,2,0,0
0.115954048226007,0,2,0,0
0.11479450774374693,0,2,0,0
0.11364656266630946,0,2,0,0
0.11251009703964636,0,2,0,0
0.1113849960692499,0,2,0,0
0.1102711461085574,0,2,0,0
0.10916843464747182,0,2,0,0
0.1080767503009971,0,2,0,0
0.10699598279798712,0,2,0,0
0.10592602297000725,0,2,0,0
0.10486676274030718,0,2,0,0
0.1038180951129041,0,2,0,0
0.10277991416177507,0,2,0,0
0.10175211502015731,0,2,0,0
0.10073459386995573,0,2,0,0
0.09972724793125617,0,2,0,0
0.0987299754519436,0,2,0,0
0.09774267569742418,0,2,0,0
0.09676524894044994,0,2,0,0
0.09579759645104544,0,2,0,0
0.09483962048653498,0,2,0,0
0.09389122428166963,0,2,0,0
0.09295231203885293,0,2,0,0
0.0920227889184644,0,2,0,0
0.09110256102927976,0,2,0,0
0.09019153541898696,0,2,0,0
0.08928962006479708,0,2,0,0
0.08839672386414911,0,2,0,0
0.08751275662550762,0,2,0,0
0.08663762905925254,0,2,0,0
0.08577125276866002,0,2,0,0
0.08491354024097342,0,2,0,0
0.08406440483856369,0,2,0,0
0.08322376079017804,0,2,0,0
0.08239152318227626,0,2,0,0
0.0815676079504535,0,2,0,0
0.08075193187094896,0,2,0,0
0.07994441255223947,0,2,0,0
0.07914496842671707,0,2,0,0
0.0783535187424499,0,2,0,0
0.07756998355502541,0,2,0,0
0.07679428371947515,0,2,0,0
0.0760263408822804,0,2,0,0
0.0752660774734576,0,2,0,0
0.07451341669872302,0,2,0,0
0.0737682825317358,0,2,0,0
0.07303059970641844,0,2,0,0
0.07230029370935426,0,2,0,0
0.07157729077226072,0,2,0,0
0.0708615178645381,0,2,0,0
0.07015290268589272,0,2,0,0
0.0694513736590338,0,2,0,0
0.06875685992244346,0,2,0,0
0.06806929132321902,0,2,0,0
0.06738859840998683,0,2,0,0
0.06671471242588696,0,2,0,0
0.06604756530162809,0,2,0,0
0.0653870896486118,0,2,0,0
0.06473321875212568,0,2,0,0
0.06408588656460441,0,2,0,0
0.06344502769895836,0,2,0,0
0.06281057742196879,0,2,0,0
0.0621824716477491,0,2,0,0
0.06156064693127161,0,2,0,0
0.060945040461958894,0,2,0,0
0.0603355900573393,0,2,0,0
0.05973223415676591,0,2,0,0
0.05913491181519825,0,2,0,0
0.05854356269704626,0,2,0,0
0.0579581270700758,0,2,0,0
0.05737854579937504,0,2,0,0
0.05680476034138129,0,2,0,0
0.05623671273796747,0,2,0,0
0.055674345610587796,0,2,0,0
0.055117602154481915,0,2,0,0
0.05456642613293709,0,2,0,0
0.054020761871607724,0,2,0,0
0.053480554252891645,0,2,0,0
0.05294574871036273,0,2,0,0
0.0524162912232591,0,2,0,0
0.05189212831102651,0,2,0,0
0.05137320702791625,0,2,0,0
0.05085947495763709,0,2,0,0
0.050350880208060715,0,2,0,0
0.049847371405980105,0,2,0,0
0.0493488976919203,0,2,0,0
0.048855408715001096,0,2,0,0
0.048366854627851084,0,2,0,0
0.047883186081572576,0,2,0,0
0.04740435422075685,0,2,0,0
0.04693031067854928,0,2,0,0
0.04646100757176379,0,2,0,0
0.04599639749604615,0,2,0,0
0.04553643352108569,0,2,0,0
0.04508106918587483,0,2,0,0
0.044630258494016084,0,2,0,0
0.04418395590907592,0,2,0,0
0.04374211634998516,0,2,0,0
0.04330469518648531,0,2,0,0
0.04287164823462046,0,2,0,0
0.04244293175227425,0,2,0,0
0.04201850243475151,0,2,0,0
0.041598317410404,0,2,0,0
0.04118233423629996,0,2,0,0
0.04077051089393696,0,2,0,0
0.04036280578499759,0,2,0,0
0.03995917772714761,0,2,0,0
0.03955958594987614,0,2,0,0
0.039163990090377375,0,2,0,0
0.0387723501894736,0,2,0,0
0.03838462668757887,0,2,0,0
0.03800078042070308,0,2,0,0
0.03762077261649605,0,2,0,0
0.037244564890331094,0,2,0,0
0.03687211924142778,0,2,0,0
0.0365033980490135,0,2,0,0
0.03613836406852337,0,2,0,0
0.03577698042783813,0,2,0,0
0.03541921062355975,0,2,0,0
0.03506501851732415,0,2,0,0
0.03471436833215091,0,2,0,0
0.0343672246488294,0,2,0,0
0.03402355240234111,0,2,0,0
0.0336833168783177,0,2,0,0
0.033346483709534525,0,2,0,0
0.03301301887243918,0,2,0,0
0.032682888683714786,0,2,0,0
0.03235605979687764,0,2,0,0
0.03203249919890886,0,2,0,0
0.03171217420691977,0,2,0,0
0.03139505246485057,0,2,0,0
0.031081101940202062,0,2,0,0
0.030770290920800043,0,2,0,0
0.030462588011592042,0,2,0,0
0.03015796213147612,0,2,0,0
0.029856382510161362,0,2,0,0
0.029557818685059748,0,2,0,0
0.02926224049820915,0,2,0,0
0.028969618093227057,0,2,0,0
0.028679921912294785,0,2,0,0
0.028393122693171836,0,2,0,0
0.028109191466240118,0,2,0,0
0.027828099551577716,0,2,0,0
0.02754981855606194,0,2,0,0
0.027274320370501322,0,2,0,0
0.027001577166796308,0,2,0,0
0.026731561395128344,0,2,0,0
0.02646424578117706,0,2,0,0
0.02619960332336529,0,2,0,0
0.02593760729013164,0,2,0,0
0.025678231217230323,0,2,0,0
0.02542144890505802,0,2,0,0
0.02516723441600744,0,2,0,0
0.024915562071847367,0,2,0,0
0.024666406451128893,0,2,0,0
0.024419742386617604,0,2,0,0
0.024175544962751427,0,2,0,0
0.023933789513123912,0,2,0,0
0.023694451617992673,0,2,0,0
0.023457507101812745,0,2,0,0
0.02322293203079462,0,2,0,0
0.02299070271048667,0,2,0,0
0.022760795683381803,0,2,0,0
0.022533187726547985,0,2,0,0
0.022307855849282503,0,2,0,0
0.022084777290789677,0,2,0,0
0.02186392951788178,0,2,0,0
0.02164529022270296,0,2,0,0
0.021428837320475933,0,2,0,0
0.021214548947271174,0,2,0,0
0.02100240345779846,0,2,0,0
0.020792379423220476,0,2,0,0
0.02058445562898827,0,2,0,0
0.020378611072698387,0,2,0,0
0.020174824961971403,0,2,0,0
0.019973076712351687,0,2,0,0
0.01977334594522817,0,2,0,0
0.01957561248577589,0,2,0,0
0.019379856360918133,0,2,0,0
0.01918605779730895,0,2,0,0
0.018994197219335863,0,2,0,0
0.018804255247142503,0,2,0,0
0.018616212694671078,0,2,0,0
0.018430050567724367,0,2,0,0
0.018245750062047122,0,2,0,0
0.01806329256142665,0,2,0,0
0.017882659635812384,0,2,0,0
0.01770383303945426,0,2,0,0
0.01752679470905972,0,2,0,0
0.017351526761969122,0,2,0,0
0.01717801149434943,0,2,0,0
0.017006231379405934,0,2,0,0
0.016836169065611875,0,2,0,0
0.016667807374955757,0,2,0,0
0.0165011293012062,0,2,0,0
0.016336118008194137,0,2,0,0
0.016172756828112193,0,2,0,0
0.016011029259831073,0,2,0,0
0.01585091896723276,0,2,0,0
0.015692409777560434,0,2,0,0
0.015535485679784829,0,2,0,0
0.015380130822986981,0,2,0,0
0.01522632951475711,0,2,0,0
0.01507406621960954,0,2,0,0
0.014923325557413445,0,2,0,0
0.01477409230183931,0,2,0,0
0.014626351378820917,0,2,0,0
0.014480087865032708,0,2,0,0
0.014335286986382381,0,2,0,0
0.014191934116518557,0,2,0,0
0.014050014775353371,0,2,0,0
0.013909514627599838,0,2,0,0
0.01377041948132384,0,2,0,0
0.0136327152865106,0,2,0,0
0.013496388133645494,0,2,0,0
0.013361424252309038,0,2,0,0
0.013227810009785948,0,2,0,0
0.013095531909688088,0,2,0,0
0.012964576590591206,0,2,0,0
0.012834930824685294,0,2,0,0
0.01270658151643844,0,2,0,0
0.012579515701274056,0,2,0,0
0.012453720544261315,0,2,0,0
0.012329183338818701,0,2,0,0
0.012205891505430513,0,2,0,0
0.012083832590376209,0,2,0,0
0.011962994264472447,0,2,0,0
0.011843364321827723,0,2,0,0
0.011724930678609446,0,2,0,0
0.011607681371823352,0,2,0,0
0.011491604558105118,0,2,0,0
0.011376688512524068,0,2,0,0
0.011262921627398828,0,2,0,0
0.01115029241112484,0,2,0,0
0.011038789487013591,0,2,0,0
0.010928401592143455,0,2,0,0
0.01081911757622202,0,2,0,0
0.0107109264004598,0,2,0,0
0.010603817136455201,0,2,0,0
0.010497778965090649,0,2,0,0
0.010392801175439743,0,2,0,0
0.010288873163685345,0,2,0,0
0.010185984432048491,0,2,0,0
0.010084124587728007,0,2,0,0
0.009983283341850727,0,2,0,0
