Timestamp,POS,VEL,Torq
1648751787.466383,3.132486457618066,-0.015873015873012264,-0.0006593406593404794
1648751787.487308,3.0806057831692986,-2.492063492063494,0.017802197802197828
1648751787.508185,3.066109712367437,2.0793650793650755,0.008571428571428452
1648751787.529222,3.0348287174792095,-3.6349206349206327,-0.009890109890109855
1648751787.550221,2.967307545586328,1.4444444444444429,0.06791208791208803
1648751787.571073,2.987907225146868,-0.6825396825396837,-0.0257142857142858
1648751787.591973,2.8986419470511944,-2.492063492063494,0.07186813186813179
1648751787.612824,2.922674906538491,2.4285714285714306,0.008571428571428452
1648751787.633832,2.8597314412146186,-5.4761904761904745,0.030989010989010968
1648751787.654703,2.842183566033418,4.365079365079367,0.05472527472527444
1648751787.675561,2.8360799572747393,-3.761904761904759,-0.04549450549450551
1648751787.696449,2.743381399252307,-0.015873015873012264,0.0731868131868132
1648751787.717349,2.8028915846494247,2.714285714285708,-0.03890109890109894
1648751787.738182,2.7250705729762714,-6.968253968253968,0.0006593406593404794
1648751787.759189,2.681963836118104,2.8412698412698347,0.07846153846153836
1648751787.779937,2.715152208743419,-2.0158730158730194,-0.05868131868131865
1648751787.800944,2.620164797436484,-3.3809523809523796,0.06527472527472522
1648751787.821831,2.641908903639276,3.1269841269841265,0.011208791208791258
1648751787.84283,2.6121538109407183,-3.349206349206348,-0.03890109890109894
1648751787.863702,2.5499732967116806,1.6349206349206327,0.06000000000000005
1648751787.884554,2.5740062561989774,-1.2222222222222214,-0.03626373626373658
1648751787.9056,2.5072480354009308,-3.2222222222222214,0.03494505494505473
1648751787.926599,2.5118257419699397,3.349206349206355,0.009890109890109855
1648751787.947439,2.4809262226291295,-3.1269841269841265,-0.03626373626373658
1648751787.968455,2.432097352559701,2.3333333333333286,0.04681318681318691
1648751787.989329,2.454222934309911,-1.9206349206349174,-0.05868131868131865
1648751788.010213,2.366865033951324,-1.3809523809523796,0.06395604395604426
1648751788.031197,2.4099717708094914,2.206349206349202,-0.04813186813186787
1648751788.052186,2.353513389791715,-6.5238095238095255,-0.02307692307692344
1648751788.073034,2.2981994354161905,2.460317460317455,0.06923076923076898
1648751788.093516,2.353513389791715,-0.39682539682539186,-0.08109890109890072
1648751788.11444,2.2409781033035774,-5.952380952380949,0.03890109890109894
1648751788.135201,2.2550926985580233,5.666666666666671,0.04549450549450551
1648751788.156096,2.2783627069504853,-4.015873015873019,-0.06527472527472522
1648751788.17696,2.1375982299534595,-2.301587301587304,0.06791208791208803
1648751788.197962,2.2123674372472717,7.539682539682545,0.020439560439560633
1648751788.218812,2.2436484321354992,-3.6349206349206327,-0.07054945054945083
1648751788.239851,2.0632104982070647,-6.015873015873019,0.05340659340659348
1648751788.260705,2.0826657511253526,6.047619047619051,0.06659340659340662
1648751788.28158,2.179179064621957,-0.904761904761898,-0.075824175824176
1648751788.302605,2.0380331120775157,-9.634920634920633,0.0415384615384613
1648751788.323452,2.0117112993057145,4.333333333333329,0.07054945054945083
1648751788.344356,2.1070801861600668,-0.904761904761898,-0.06131868131868101
1648751788.365197,1.990730144197757,-8.746031746031747,0.03230769230769237
1648751788.386205,1.9743266956588084,4.936507936507937,0.07978021978021976
1648751788.407081,2.0323109788662546,-2.3650793650793673,-0.08109890109890072
1648751788.427954,1.91519798580911,-3.761904761904759,0.056043956043955845
1648751788.448812,1.9632639047837035,6.111111111111114,0.007252747252747049
1648751788.469694,1.9644083314259557,-4.238095238095241,-0.08901098901098914
1648751788.490693,1.8411917296101326,-0.5555555555555571,0.06131868131868101
1648751788.511573,1.9396124208438241,5.666666666666671,-0.04549450549450551
1648751788.532583,1.930075532158389,-4.746031746031747,-0.06395604395604426
1648751788.553608,1.7713817044327467,-2.4603174603174622,0.06131868131868101
1648751788.574459,1.8743801022354472,8.333333333333329,-0.01912087912087923
1648751788.595319,1.9079499504081792,-2.904761904761905,-0.08241758241758257
1648751788.616231,1.7355230029755084,-7.571428571428569,0.027032967032967203
1648751788.637196,1.7668039978637378,8.047619047619051,0.049450549450549275
1648751788.658196,1.8636987869077597,-0.9682539682539613,-0.075824175824176
1648751788.67911,1.7359044785229258,-10.23809523809524,-0.03494505494505473
1648751788.699955,1.6645685511558703,2.5873015873015817,0.06791208791208803
1648751788.720944,1.801518272678722,3.3174603174603163,-0.075824175824176
1648751788.741861,1.7565041580834677,-7.253968253968253,-0.06527472527472522
1648751788.762823,1.5882734416723885,-3.095238095238095,0.0771428571428574
1648751788.783696,1.6454947737849999,9.285714285714292,0.05340659340659348
1648751788.804586,1.7484931715877003,-0.2380952380952408,-0.07978021978021976
1648751788.825607,1.632524605172808,-10.333333333333336,-0.04813186813186787
1648751788.846608,1.4986266880292973,-0.904761904761898,0.0745054945054946
1648751788.867574,1.6172655832761116,9.952380952380949,0.009890109890109855
1648751788.888315,1.7011902037079416,-0.7460317460317469,-0.0771428571428574
1648751788.90936,1.5482185091935605,-11.476190476190474,-0.03494505494505473
1648751788.930196,1.4105058365758758,-0.9682539682539613,0.08373626373626397
1648751788.951199,1.5260929274433508,10.904761904761898,0.06131868131868101
1648751788.972073,1.6359578850995646,0.11111111111111427,-0.075824175824176
1648751788.99295,1.4848935683222706,-11.730158730158728,-0.03230769230769237
1648751789.013847,1.3448920424200814,-0.904761904761898,0.08109890109890117
1648751789.034863,1.4662012664988175,11.57142857142857,0.056043956043955845
1648751789.055737,1.5714885175860225,-0.6825396825396837,-0.07186813186813179
1648751789.076744,1.4017318989852754,-11.98412698412698,0.009890109890109855
1648751789.097575,1.302548256656749,0.6507936507936449,0.08241758241758212
1648751789.118322,1.4566643778133823,10.777777777777771,-0.007252747252747049
1648751789.139236,1.5115968566414892,-3.0,-0.06659340659340662
1648751789.160203,1.3048371099412535,-10.492063492063494,0.03362637362637377
1648751789.180971,1.2556267643244077,2.8730158730158735,0.06659340659340662
1648751789.201987,1.4444571602960252,7.730158730158735,-0.04945054945054972
1648751789.222951,1.439497978179599,-7.031746031746032,-0.06659340659340662
1648751789.243842,1.215571831845578,-7.158730158730158,0.05076923076923112
1648751789.264717,1.2285420004577698,7.349206349206355,0.06395604395604426
1648751789.285617,1.4204242008087284,2.80952380952381,-0.06131868131868101
1648751789.306592,1.3601510643167778,-9.317460317460316,-0.05604395604395629
1648751789.327576,1.148432135500114,-3.3809523809523796,0.05868131868131865
1648751789.348365,1.215571831845578,9.952380952380949,0.05208791208791208
1648751789.369221,1.3834210727092398,0.9365079365079367,-0.0731868131868132
1648751789.390205,1.294155794613566,-10.841269841269842,-0.05472527472527444
1648751789.411115,1.1007476920729378,-2.5238095238095255,0.06923076923076898
1648751789.431963,1.1850537880521852,11.063492063492063,0.056043956043955845
1648751789.452968,1.3364995803768984,0.1428571428571388,-0.0731868131868132
1648751789.473849,1.2266346227206828,-11.507936507936506,-0.05472527472527444
1648751789.494812,1.0564965285725183,-0.8730158730158735,0.07846153846153836
1648751789.515719,1.1778057526512544,12.650793650793645,0.03230769230769237
1648751789.5366,1.298733501182575,-1.1587301587301582,-0.0731868131868132
1648751789.557469,1.150339513237201,-13.063492063492063,-0.05604395604395629
1648751789.578473,1.016060120546273,0.8095238095238102,0.07186813186813179
1648751789.599364,1.190394445716029,11.57142857142857,-0.03626373626373658
1648751789.620346,1.2647821774624255,-1.2857142857142847,-0.08373626373626397
1648751789.641245,1.098077363241016,-12.80952380952381,-0.05604395604395629
1648751789.662244,0.9683756771190968,-0.2380952380952408,0.06923076923076898
1648751789.683094,1.135461966887922,10.841269841269835,-0.02703296703296676
1648751789.703961,1.2178606851300824,-0.9682539682539613,-0.075824175824176
1648751789.724852,1.058022430762188,-11.888888888888886,-0.05736263736263725
1648751789.74585,0.9260318913557644,-0.8412698412698347,0.0731868131868132
1648751789.766829,1.072137026016632,11.222222222222229,-0.001978021978021882
1648751789.787706,1.1739909971770803,-0.49206349206349387,-0.0731868131868132
1648751789.808621,1.0275043869687952,-11.634920634920633,-0.075824175824176
1648751789.829582,0.8760585946440838,-2.047619047619051,0.08241758241758212
1648751789.850472,0.9805828946364539,10.587301587301582,0.05736263736263769
1648751789.871707,1.1263065537499042,1.4761904761904816,-0.08373626373626397
1648751789.892595,1.0194934004730296,-10.20634920634921,-0.08109890109890072
1648751789.913495,0.8375295643549254,-3.3809523809523796,0.08637362637362633
1648751789.934472,0.8852140077821016,8.079365079365076,0.07186813186813179
1648751789.955346,1.0641260395208665,4.1746031746031775,-0.0771428571428574
1648751789.976245,1.045052262149996,-6.777777777777779,-0.06527472527472522
1648751789.997229,0.8405813687342647,-9.222222222222221,0.05076923076923112
1648751790.018106,0.7963302052338452,3.444444444444443,0.06131868131868101
1648751790.038966,0.9836346990157931,8.587301587301582,-0.04945054945054972
1648751790.059975,1.0370412756542304,-3.095238095238095,-0.06395604395604426
1648751790.080838,0.8665217059586485,-12.23809523809524,-0.01252747252747266
1648751790.101728,0.737201495384145,0.11111111111111427,0.07186813186813179
1648751790.122702,0.8649958037689789,11.666666666666671,0.05076923076923112
1648751790.143748,0.9977492942702373,1.253968253968253,-0.08241758241758257
1648751790.164598,0.8764400701915012,-10.873015873015873,-0.06395604395604426
1648751790.185587,0.6944762340733952,-2.841269841269842,0.07846153846153836
1648751790.206622,0.7585641260395217,8.936507936507937,0.06659340659340662
1648751790.227348,0.9451056687266348,3.761904761904759,-0.075824175824176
1648751790.248226,0.8974212252994587,-8.587301587301589,-0.06527472527472522
1648751790.269225,0.6795986877241162,-6.61904761904762,0.056043956043955845
1648751790.290097,0.6822690165560381,5.9206349206349245,0.05868131868131865
1648751790.31125,0.8897917143511105,7.19047619047619,-0.04285714285714315
1648751790.332091,0.8993286030365457,-6.365079365079367,-0.05736263736263725
1648751790.35306,0.6792172121766988,-9.730158730158728,0.04813186813186787
1648751790.373998,0.636491950865949,2.9682539682539613,0.07846153846153836
1648751790.395727,0.835240711070421,10.047619047619051,-0.02967032967033001
1648751790.416601,0.8787289234760056,-4.206349206349209,-0.05868131868131865
1648751790.437476,0.6589990081635761,-10.492063492063494,0.04681318681318691
1648751790.458466,0.6052109559777215,2.238095238095241,0.07846153846153836
1648751790.47937,0.7894636453803319,11.158730158730165,-0.0257142857142858
1648751790.50023,0.8562218661783785,-2.4603174603174622,-0.06791208791208758
1648751790.521088,0.6540398260471498,-11.857142857142854,0.030989010989010968
1648751790.541972,0.5769817654688332,1.4761904761904816,0.08373626373626397
1648751790.563093,0.7421606775005714,12.301587301587304,-0.001978021978021882
1648751790.583974,0.8215075913633942,-2.396825396825399,-0.07186813186813179
1648751790.604854,0.6170366979476611,-11.634920634920633,0.0257142857142858
1648751790.625715,0.5552376592660409,2.460317460317455,0.0771428571428574
1648751790.646753,0.735294117647058,11.412698412698418,-0.028351648351648162
1648751790.667606,0.7978561074235149,-2.492063492063494,-0.07186813186813179
1648751790.688587,0.5930037384603644,-11.730158730158728,0.03362637362637377
1648751790.709335,0.5319676508735789,2.206349206349202,0.08109890109890117
1648751790.730378,0.7089723048752568,11.476190476190482,-0.017802197802197828
1648751790.751216,0.7623788815136958,-3.3809523809523796,-0.07186813186813179
1648751790.772217,0.5491340505073623,-10.23809523809524,0.04021978021978034
1648751790.79298,0.5212863355458914,3.952380952380949,0.08373626373626397
1648751790.814009,0.718509193560692,8.174603174603178,-0.04813186813186787
1648751790.83486,0.7276646066987098,-5.4761904761904745,-0.06659340659340662
1648751790.855878,0.5071717402914473,-8.142857142857146,0.042857142857142705
1648751790.876728,0.504119935912108,4.682539682539684,0.06395604395604426
1648751790.897632,0.7078278782330045,6.80952380952381,-0.04813186813186787
1648751790.918593,0.6872281986724644,-7.571428571428569,-0.06527472527472522
1648751790.939485,0.4694056610971238,-5.539682539682538,0.056043956043955845
1648751790.960359,0.5033569848172732,7.412698412698418,0.05736263736263769
1648751790.981224,0.6994354161898215,3.3174603174603163,-0.06131868131868101
1648751791.002133,0.6425955596246276,-8.777777777777779,-0.05604395604395629
1648751791.023097,0.43812466620889623,-3.095238095238095,0.06131868131868101
1648751791.043984,0.5193789578088044,10.047619047619051,0.056043956043955845
1648751791.064855,0.686846723125047,1.1269841269841265,-0.07450549450549415
1648751791.085718,0.5960555428397036,-10.841269841269842,-0.05340659340659348
1648751791.106753,0.4171435111009387,-1.095238095238095,0.07054945054945083
1648751791.127587,0.5148012512397955,11.222222222222229,0.049450549450549275
1648751791.14848,0.668154421301594,-0.36507936507936734,-0.06923076923076943
1648751791.169508,0.5457007705806056,-12.079365079365083,-0.05472527472527444
1648751791.190348,0.39654383154039863,0.9682539682539613,0.06000000000000005
1648751791.211223,0.5369268329900052,12.777777777777771,0.01912087912087923
1648751791.232232,0.6509880216678106,-1.9841269841269806,-0.06527472527472522
1648751791.253114,0.4915312428473335,-13.063492063492063,-0.030989010989010968
1648751791.273974,0.38471808957045894,2.0158730158730123,0.06659340659340662
1648751791.29501,0.5682078278782328,11.476190476190482,-0.04549450549450551
1648751791.31588,0.6273365377279312,-2.904761904761905,-0.08373626373626397
1648751791.336752,0.43965056839856587,-12.333333333333336,0.001978021978021882
1648751791.357461,0.3702220187685974,2.206349206349202,0.0771428571428574
1648751791.378634,0.5685893034256502,10.079365079365076,-0.05472527472527444
1648751791.399363,0.6006332494087125,-3.2857142857142847,-0.075824175824176
1648751791.42023,0.40531776913099904,-11.253968253968253,0.0257142857142858
1648751791.441135,0.3580148012512403,3.2222222222222285,0.07054945054945083
1648751791.461977,0.5621042191195542,8.61904761904762,-0.05736263736263725
1648751791.482973,0.567444876783398,-4.841269841269842,-0.08901098901098914
1648751791.503871,0.36335545891508403,-8.333333333333336,0.04417582417582455
1648751791.524738,0.3629739833676666,6.841269841269835,0.06263736263736241
1648751791.545743,0.569352254520485,4.746031746031747,-0.06395604395604426
1648751791.566763,0.5338750286106659,-6.714285714285715,-0.06263736263736286
1648751791.587483,0.3290226596475172,-5.253968253968253,0.04549450549450551
1648751791.608474,0.37594415197985853,8.968253968253961,0.05208791208791208
1648751791.629348,0.5621042191195542,2.4285714285714306,-0.0771428571428574
1648751791.650263,0.4942015716792554,-8.333333333333336,-0.06923076923076943
1648751791.671227,0.3038452735179682,-3.0317460317460316,0.06923076923076898
1648751791.692098,0.3736552986953541,10.396825396825392,0.05208791208791208
1648751791.71299,0.544174868390936,0.8412698412698347,-0.06659340659340662
1648751791.733855,0.4533836881055926,-9.730158730158728,-0.06791208791208758
1648751791.754743,0.28095674067292364,-1.8888888888888857,0.0731868131868132
1648751791.775607,0.3831921873807893,12.015873015873012,0.03890109890109894
1648751791.79649,0.5319676508735789,-0.17460317460317754,-0.06923076923076943
1648751791.817389,0.43011367971313064,-10.365079365079367,-0.06527472527472522
1648751791.838368,0.26379034103914023,-1.0,0.07186813186813179
1648751791.859354,0.3835736629282067,12.80952380952381,0.0257142857142858
1648751791.880264,0.5231937132829785,-0.36507936507936734,-0.06923076923076943
1648751791.90114,0.41905088883802577,-10.714285714285715,-0.05868131868131865
1648751791.921983,0.24662394140535504,-1.7619047619047592,0.08109890109890117
1648751791.94286,0.33970397497520466,11.444444444444443,0.049450549450549275
1648751791.963891,0.5037384603646906,1.253968253968253,-0.08241758241758257
1648751791.984743,0.4324025329976351,-9.19047619047619,-0.06527472527472522
1648751792.005604,0.24280918593118095,-3.349206349206348,0.07582417582417555
1648751792.026495,0.2946898603799504,9.19047619047619,0.05868131868131865
1648751792.047478,0.48008697642481124,2.8412698412698347,-0.07186813186813179
1648751792.068369,0.4240100709544521,-7.888888888888886,-0.06395604395604426
1648751792.089269,0.2283131151293194,-3.507936507936506,0.06131868131868101
1648751792.110105,0.271038376440071,8.587301587301582,0.04813186813186787
1648751792.130985,0.4652094300755323,3.507936507936506,-0.06923076923076943
1648751792.15189,0.4282063019760436,-7.158730158730158,-0.06527472527472522
1648751792.172882,0.22144655527580603,-5.984126984126981,0.049450549450549275
1648751792.193722,0.23861295490958945,7.476190476190482,0.06263736263736241
1648751792.214741,0.445372701609827,5.095238095238102,-0.06923076923076943
1648751792.235642,0.43812466620889623,-5.507936507936506,-0.07186813186813179
1648751792.256645,0.22945754177157163,-8.492063492063494,0.042857142857142705
1648751792.277352,0.1947432669565874,3.7301587301587347,0.06000000000000005
1648751792.298394,0.3953994048981464,9.222222222222229,-0.05868131868131865
1648751792.319245,0.45071335927367073,-1.7619047619047592,-0.0771428571428574
1648751792.340108,0.2836270695048455,-11.634920634920633,-0.03362637362637333
1648751792.361233,0.1665140764476991,-0.6190476190476204,0.07846153846153836
1648751792.382147,0.30537117570763783,11.666666666666671,0.04021978021978034
1648751792.403019,0.43926909285114846,0.8730158730158735,-0.08637362637362633
1648751792.423894,0.3324559395742739,-10.841269841269842,-0.07450549450549415
1648751792.44486,0.15659571221484647,-2.841269841269842,0.07978021978021976
1648751792.465644,0.22907606622415422,10.047619047619051,0.06131868131868101
1648751792.48661,0.4194323643854432,3.4761904761904816,-0.0771428571428574
1648751792.507612,0.3751812008850237,-7.952380952380949,-0.07054945054945083
1648751792.528357,0.16269932097352502,-6.587301587301589,0.05340659340659348
1648751792.549374,0.14820325017166347,4.968253968253961,0.05472527472527444
1648751792.570272,0.35534447241931844,9.666666666666671,-0.04813186813186787
1648751792.591149,0.4198138399328606,-2.238095238095241,-0.06527472527472522
1648751792.611988,0.2405203326466765,-12.23809523809524,-0.017802197802197828
1648751792.632897,0.11005569542992255,-1.1269841269841265,0.07978021978021976
1648751792.653774,0.22602426184481494,11.095238095238102,0.06791208791208803
1648751792.674773,0.40608072022583386,3.5714285714285694,-0.08373626373626397
1648751792.695611,0.34809643701838766,-8.269841269841272,-0.06527472527472522
1648751792.716615,0.129129472800793,-6.777777777777779,0.06659340659340662
1648751792.737486,0.12149996185244483,6.206349206349202,0.06659340659340662
1648751792.758359,0.34008545052262207,9.698412698412696,-0.06000000000000005
1648751792.779236,0.40989547570000795,-2.1111111111111143,-0.06527472527472522
1648751792.800239,0.2367055771725024,-12.682539682539684,-0.04417582417582411
1648751792.821113,0.07648584725719054,-2.3650793650793673,0.09032967032967054
1648751792.841865,0.15850308995193352,9.603174603174608,0.06000000000000005
1648751792.862863,0.37327382314793667,5.444444444444443,-0.07054945054945083
1648751792.883864,0.37632562752727594,-5.730158730158728,-0.06791208791208758
1648751792.904752,0.15888456549935093,-11.698412698412696,0.028351648351648162
1648751792.925614,0.055886167696650446,0.11111111111111427,0.07186813186813179
1648751792.946494,0.19741359578850926,12.015873015873012,0.0731868131868132
1648751792.967487,0.38128480964370226,3.7301587301587347,-0.0929670329670329
1648751792.988377,0.3412298771648743,-7.730158730158728,-0.07054945054945083
1648751793.009242,0.1119630731670096,-9.98412698412698,0.05868131868131865
1648751793.030158,0.04863813229571967,2.460317460317455,0.06395604395604426
1648751793.051,0.2367055771725024,13.317460317460316,0.027032967032967203
1648751793.071734,0.3877698939497982,2.6825396825396837,-0.0942857142857143
1648751793.09222,0.30994888227664674,-8.873015873015873,-0.07186813186813179
1648751793.113085,0.07343404287785127,-8.079365079365083,0.06659340659340662
1648751793.134115,0.03604943923094517,3.6349206349206327,0.05736263736263769
1648751793.15499,0.24624246585793763,13.222222222222229,0.005934065934066091
1648751793.175902,0.3862439917601286,1.8571428571428612,-0.08769230769230774
1648751793.196743,0.2862973983367674,-9.634920634920633,-0.075824175824176
1648751793.217617,0.046349279011215216,-7.317460317460316,0.056043956043955845
1648751793.238653,0.019645990691996573,3.8888888888888857,0.06131868131868101
1648751793.259501,0.22945754177157163,13.031746031746039,0.007252747252747049
1648751793.280403,0.3786144808117804,1.9841269841269877,-0.08505494505494493
1648751793.301241,0.27370870527199287,-10.01587301587302,-0.08109890109890072
1648751793.322241,0.02994583047226662,-7.38095238095238,0.056043956043955845
1648751793.343027,0.008201724269474298,4.682539682539684,0.06791208791208803
1648751793.364133,0.23022049286640645,13.158730158730165,-0.003296703296703285
1648751793.385241,0.3747997253376063,1.4761904761904816,-0.07978021978021976
1648751793.406123,0.26379034103914023,-10.269841269841272,-0.07978021978021976
1648751793.426996,0.015068284122987663,-7.317460317460316,0.06527472527472522
1648751793.447872,0.0005722133211261138,5.571428571428569,0.06527472527472522
1648751793.468878,0.23365377279316313,13.19047619047619,-0.01252747252747266
1648751793.489784,0.37251087205310185,1.1904761904761898,-0.075824175824176
1648751793.510635,0.25158312352178314,-10.80952380952381,-0.07186813186813179
1648751793.531632,-0.0017166399633783413,-7.317460317460316,0.06131868131868101
1648751793.552619,-0.02193484397650103,4.61904761904762,0.05472527472527444
1648751793.573409,0.20504310673685744,13.793650793650798,0.008571428571428452
1648751793.594368,0.36488136110475367,2.6190476190476204,-0.0771428571428574
1648751793.615258,0.26455329213397505,-9.825396825396822,-0.07978021978021976
1648751793.636153,0.002861066605630569,-8.936507936507937,0.06527472527472522
1648751793.656994,-0.04329747463187594,2.80952380952381,0.06659340659340662
1648751793.677876,0.15850308995193352,14.015873015873012,0.05340659340659348
1648751793.69901,0.34733348592355284,3.8253968253968225,-0.08241758241758257
1648751793.719871,0.28095674067292364,-8.523809523809526,-0.07846153846153836
1648751793.740784,0.020027466239413982,-11.063492063492063,0.06000000000000005
1648751793.761622,-0.057030594338902674,1.253968253968253,0.07186813186813179
1648751793.782634,0.11348897535667923,13.285714285714292,0.07186813186813179
1648751793.803621,0.32330052643625606,5.0,-0.0929670329670329
1648751793.824534,0.29621576256962,-7.222222222222221,-0.06923076923076943
1648751793.845371,0.05054551003280672,-12.873015873015873,0.04681318681318691
1648751793.866247,-0.06198977645532899,-0.1428571428571388,0.0771428571428574
1648751793.887248,0.07610437170977313,12.396825396825392,0.07186813186813179
1648751793.908138,0.3000305180437941,5.571428571428569,-0.0771428571428574
1648751793.928997,0.2950713359273678,-6.61904761904762,-0.06395604395604426
1648751793.949887,0.06008239871824195,-13.603174603174601,0.042857142857142705
1648751793.970873,-0.0661860074769205,-0.6190476190476204,0.08241758241758212
1648751793.991786,0.056267643244067855,11.793650793650798,0.06659340659340662
1648751794.012631,0.28515297169451514,6.1746031746031775,-0.07978021978021976
1648751794.033626,0.2836270695048455,-6.968253968253968,-0.06659340659340662
1648751794.054628,0.04406042572671076,-13.317460317460316,0.04021978021978034
1648751794.075498,-0.0707637140459294,0.49206349206349387,0.07186813186813179
1648751794.096389,0.07343404287785127,12.968253968253961,0.07054945054945083
1648751794.11712,0.2882047760738544,5.349206349206355,-0.08373626373626397
1648751794.137722,0.2573052567330443,-7.857142857142854,-0.06923076923076943
1648751794.158763,0.005531395437552433,-11.444444444444443,0.06395604395604426
1648751794.179515,-0.07381551842526868,1.5714285714285694,0.07186813186813179
1648751794.200415,0.10547798886091364,13.920634920634924,0.06000000000000005
1648751794.221253,0.2950713359273678,4.111111111111114,-0.08505494505494493
1648751794.242263,0.22678721293964976,-9.19047619047619,-0.0731868131868132
1648751794.263163,-0.029564354924849212,-9.349206349206348,0.056043956043955845
1648751794.284011,-0.06923781185625977,3.7301587301587347,0.06527472527472522
1648751794.305013,0.15239948119325497,14.079365079365076,0.011208791208791258
1648751794.325896,0.30270084687571597,2.0158730158730123,-0.07846153846153836
1648751794.346769,0.1825360494392303,-11.0,-0.06527472527472522
1648751794.367663,-0.06580453192950309,-6.396825396825399,0.05736263736263769
1648751794.388517,-0.056267643244067855,6.80952380952381,0.06395604395604426
1648751794.409499,0.19245441367208294,11.57142857142857,-0.02307692307692344
1648751794.430386,0.2988860914015419,-0.8730158730158735,-0.06131868131868101
1648751794.451291,0.137521934843976,-13.063492063492063,-0.06659340659340662
1648751794.472252,-0.08564126039520836,-3.253968253968253,0.07054945054945083
1648751794.493142,-0.046730754558632626,8.174603174603178,0.06659340659340662
1648751794.51402,0.20618753337910967,9.920634920634924,-0.04681318681318691
1648751794.534893,0.28515297169451514,-2.7142857142857153,-0.05604395604395629
1648751794.555882,0.09899290455481768,-14.42857142857143,-0.04813186813186787
1648751794.576766,-0.09250782024872173,-2.301587301587304,0.08109890109890117
1648751794.597667,-0.023079270618753256,9.666666666666671,0.05472527472527444
1648751794.618629,0.2237354085603105,7.317460317460316,-0.05868131868131865
1648751794.63952,0.26455329213397505,-3.9841269841269806,-0.06131868131868101
1648751794.660419,0.051689936675058945,-13.920634920634917,0.008571428571428452
1648751794.681293,-0.09250782024872173,-0.6825396825396837,0.08241758241758212
1648751794.702147,0.028801403830014394,12.174603174603178,0.06263736263736241
1648751794.72301,0.24166475928892872,4.428571428571431,-0.0771428571428574
1648751794.743878,0.20695048447394448,-8.396825396825399,-0.06659340659340662
1648751794.764885,-0.03833829251544962,-9.063492063492063,0.06263736263736241
1648751794.785756,-0.07839322499427759,3.603174603174608,0.05868131868131865
1648751794.80677,0.14324406805523715,12.904761904761898,-0.003296703296703285
1648751794.827647,0.25577935454337464,-0.1428571428571388,-0.06923076923076943
1648751794.848518,0.08869306477454764,-13.476190476190474,-0.05604395604395629
1648751794.869377,-0.08945601586938245,-1.9841269841269806,0.08109890109890117
1648751794.890397,-0.007820248722056888,10.333333333333329,0.05736263736263769
1648751794.911266,0.21877622644388417,4.841269841269835,-0.06923076923076943
1648751794.932133,0.20237277790493557,-7.698412698412696,-0.06000000000000005
1648751794.953043,-0.03910124361028444,-9.38095238095238,0.06131868131868101
1648751794.973851,-0.0829709315632865,2.8730158730158735,0.06131868131868101
1648751794.994899,0.13218127718013228,13.063492063492063,0.003296703296703285
1648751795.015797,0.24166475928892872,-0.17460317460317754,-0.07186813186813179
1648751795.036649,0.07534142061493831,-13.38095238095238,-0.0415384615384613
1648751795.057672,-0.09060044251163468,-1.1269841269841265,0.07978021978021976
1648751795.078511,0.004768444342717615,11.158730158730165,0.06527472527472522
1648751795.0994,0.2157244220645449,3.3174603174603163,-0.07846153846153836
1648751795.120291,0.17299916075379507,-8.873015873015873,-0.05604395604395629
1648751795.141261,-0.06275272755016381,-7.158730158730158,0.05868131868131865
1648751795.162047,-0.06733043411917272,5.666666666666671,0.05868131868131865
1648751795.183025,0.16308079652094243,9.793650793650798,-0.0415384615384613
1648751795.203902,0.22068360418097122,-3.0,-0.06131868131868101
1648751795.224759,0.01201647974364839,-12.682539682539684,0.0257142857142858
1648751795.245642,-0.09060044251163468,0.6190476190476204,0.08373626373626397
1648751795.266645,0.06504158083466827,13.666666666666671,0.05868131868131865
1648751795.287675,0.219539177538719,1.6031746031746081,-0.08901098901098914
1648751795.308386,0.10967421988250514,-11.888888888888886,-0.06263736263736286
1648751795.32939,-0.08678568703746059,-2.6190476190476204,0.0731868131868132
1648751795.3503,-0.024605172808422893,9.031746031746039,0.056043956043955845
1648751795.371027,0.19588769359883962,4.555555555555557,-0.05604395604395629
1648751795.392014,0.17185473411154284,-7.603174603174601,-0.05604395604395629
1648751795.412889,-0.061226825360494175,-7.888888888888886,0.05868131868131865
1648751795.433776,-0.07953765163652982,4.047619047619051,0.05736263736263769
1648751795.454776,0.14019226367589788,10.841269841269835,-0.02703296703296676
1648751795.475652,0.2038986800946052,-2.396825396825399,-0.06263736263736286
1648751795.496641,-0.0020981155107957505,-12.23809523809524,0.028351648351648162
1648751795.517402,-0.09441519798580877,0.5238095238095184,0.08769230769230774
1648751795.538403,0.05512321660181563,13.285714285714292,0.05472527472527444
1648751795.559272,0.2031357289997704,0.9365079365079367,-0.08769230769230774
1648751795.580178,0.07305256733043386,-12.936507936507937,-0.04681318681318691
1648751795.601031,-0.09784847791256546,-1.095238095238095,0.07846153846153836
1648751795.621899,-0.018120088502326936,9.857142857142861,0.05472527472527444
1648751795.642891,0.18863965819790884,2.9365079365079367,-0.06659340659340662
1648751795.663764,0.13065537499046265,-9.857142857142854,-0.05076923076923068
1648751795.684679,-0.09098191805905209,-4.015873015873019,0.06395604395604426
1648751795.705537,-0.06923781185625977,6.936507936507937,0.05472527472527444
1648751795.72653,0.15850308995193352,7.793650793650798,-0.04945054945054972
1648751795.747408,0.17338063630121248,-6.396825396825399,-0.05604395604395629
1648751795.768267,-0.05855649652857231,-9.476190476190474,0.05472527472527444
1648751795.789181,-0.09861142900740028,2.1111111111111143,0.07846153846153836
1648751795.81005,0.09594110017547841,13.063492063492063,-0.001978021978021882
1648751795.831017,0.19359884031433516,-1.1269841269841265,-0.07186813186813179
1648751795.851907,0.007438773174639479,-13.444444444444443,0.013846153846154063
1648751795.872782,-0.1077668421454181,0.7460317460317469,0.07978021978021976
1648751795.893642,0.018120088502326936,12.42857142857143,0.06791208791208803
1648751795.914657,0.1909285114824133,1.6031746031746081,-0.07978021978021976
1648751795.935533,0.08411535820553873,-12.111111111111114,-0.06000000000000005
1648751795.956402,-0.10891126878767032,-2.238095238095241,0.0771428571428574
1648751795.977283,-0.04825665674830226,8.714285714285708,0.06527472527472522
1648751795.998315,0.17376211184862989,4.80952380952381,-0.05208791208791208
1648751796.019028,0.1447699702449068,-7.952380952380949,-0.05736263736263725
1648751796.039896,-0.08869306477454764,-7.0,0.056043956043955845
1648751796.060771,-0.09746700236514805,4.1746031746031775,0.06527472527472522
1648751796.081651,0.12188143739986224,10.936507936507937,-0.02307692307692344
1648751796.10264,0.18062867170214325,-2.904761904761905,-0.06395604395604426
1648751796.123647,-0.03604943923094517,-11.888888888888886,0.03758241758241798
1648751796.144536,-0.11387045090409664,1.0634920634920633,0.0890109890109887
1648751796.165434,0.04482337682154558,13.825396825396822,0.04549450549450551
1648751796.186399,0.1867322804608218,0.39682539682539186,-0.0771428571428574
1648751796.207308,0.04100862134737149,-13.57142857142857,-0.0415384615384613
1648751796.22816,-0.11921110856794037,-0.39682539682539186,0.06923076923076898
1648751796.24906,-0.02651255054550994,10.460317460317455,0.05736263736263769
1648751796.270027,0.17757686732280398,2.8730158730158735,-0.06791208791208758
1648751796.290911,0.10852979324025291,-10.42857142857143,-0.05604395604395629
1648751796.311767,-0.11120012207217478,-3.253968253968253,0.06791208791208803
1648751796.33264,-0.07991912718394723,6.714285714285708,0.056043956043955845
1648751796.353649,0.15163653009842015,7.349206349206355,-0.05076923076923068
1648751796.374537,0.1581216144045161,-6.587301587301589,-0.06263736263736286
1648751796.395396,-0.07763027389944277,-9.253968253968253,0.04681318681318691
1648751796.416268,-0.11501487754634887,2.492063492063494,0.07846153846153836
1648751796.437274,0.087167162584878,12.841269841269835,-0.003296703296703285
1648751796.458127,0.18329900053406512,-1.1587301587301582,-0.07186813186813179
1648751796.47906,-0.004768444342717615,-13.730158730158728,0.005934065934066091
1648751796.499914,-0.12569619287403633,0.6190476190476204,0.07846153846153836
1648751796.520788,0.0001907377737087046,12.555555555555557,0.06263736263736241
1648751796.541669,0.18024719615472584,1.698412698412696,-0.07450549450549415
1648751796.562664,0.08106355382619945,-11.730158730158728,-0.05736263736263725
1648751796.583541,-0.12378881513694928,-2.746031746031747,0.06923076923076898
1648751796.604439,-0.06809338521400754,8.365079365079367,0.056043956043955845
1648751796.625281,0.1615548943312728,5.666666666666671,-0.05604395604395629
1648751796.646152,0.14209964141298492,-7.4761904761904745,-0.05472527472527444
1648751796.667028,-0.09670405127031323,-7.888888888888886,0.05868131868131865
1648751796.688029,-0.10929274433508773,3.952380952380949,0.0745054945054946
1648751796.708941,0.11425192645151405,11.317460317460316,-0.03362637362637333
1648751796.729821,0.17605096513313434,-2.6190476190476204,-0.06395604395604426
1648751796.750792,-0.03871976806286703,-12.746031746031747,0.029670329670329565
1648751796.771689,-0.12722209506370596,1.4444444444444429,0.08241758241758212
1648751796.792652,0.03604943923094517,14.396825396825392,0.04021978021978034
1648751796.81342,0.18177309834439548,0.49206349206349387,-0.07978021978021976
1648751796.834403,0.042153047989623715,-13.444444444444443,-0.05604395604395629
1648751796.855271,-0.13370717936980192,-0.9682539682539613,0.06791208791208803
1648751796.876295,-0.04520485236896299,10.587301587301582,0.06395604395604426
1648751796.897191,0.1703288319218732,2.9682539682539613,-0.06395604395604426
1648751796.918068,0.11654077973601851,-9.507936507936506,-0.05076923076923068
1648751796.938922,-0.11959258411535778,-5.8253968253968225,0.05868131868131865
1648751796.959903,-0.10090028229190473,6.936507936507937,0.06659340659340662
1648751796.980816,0.13561455710688897,8.904761904761898,-0.03890109890109894
1648751797.001694,0.16460669871061206,-5.1269841269841265,-0.06131868131868101
1648751797.022655,-0.06961928740367718,-11.253968253968253,0.04021978021978034
1648751797.043544,-0.12951094834821042,1.8888888888888857,0.08109890109890117
1648751797.064445,0.06580453192950309,14.142857142857139,0.013846153846154063
1648751797.085286,0.18062867170214325,-0.30158730158730407,-0.07978021978021976
1648751797.10628,0.010872053101396162,-14.23809523809524,-0.02307692307692344
1648751797.12717,-0.13866636148622824,0.39682539682539186,0.06791208791208803
1648751797.148042,-0.0207904173342488,12.047619047619051,0.05472527472527444
1648751797.168914,0.1749065384908821,2.3650793650793673,-0.07450549450549415
1648751797.189878,0.087167162584878,-11.095238095238095,-0.06000000000000005
1648751797.210797,-0.13408865491721933,-3.0,0.06263736263736241
1648751797.231694,-0.08335240711070391,7.952380952380949,0.05736263736263769
1648751797.252658,0.1539253833829246,6.365079365079367,-0.05472527472527444
1648751797.273533,0.14248111696040233,-7.031746031746032,-0.05604395604395629
1648751797.294406,-0.10204470893415696,-9.19047619047619,0.06000000000000005
1648751797.315276,-0.12645914396887115,3.698412698412696,0.06923076923076898
1648751797.336322,0.09822995345998287,12.079365079365076,-0.03362637362637333
1648751797.357197,0.17338063630121248,-2.142857142857146,-0.06791208791208758
1648751797.378027,-0.03376058594644071,-13.825396825396822,0.013846153846154063
1648751797.398917,-0.14209964141298492,0.7460317460317469,0.08241758241758212
1648751797.419918,0.008583199816891707,13.825396825396822,0.06263736263736241
1648751797.440797,0.17605096513313434,1.2222222222222285,-0.07846153846153836
1648751797.461669,0.055886167696650446,-12.746031746031747,-0.05340659340659348
1648751797.48266,-0.14362554360265456,-1.8888888888888857,0.06791208791208803
1648751797.503533,-0.07000076295109459,9.476190476190482,0.05472527472527444
1648751797.524426,0.15926604104676834,4.301587301587304,-0.06000000000000005
1648751797.545298,0.12493324177920151,-8.333333333333336,-0.04681318681318691
1648751797.566321,-0.11997405966277519,-7.38095238095238,0.05736263736263769
1648751797.587176,-0.12073701075761001,5.444444444444443,0.06659340659340662
1648751797.608051,0.11463340199893146,10.523809523809518,-0.0415384615384613
1648751797.628944,0.1657511253528643,-3.2857142857142847,-0.06527472527472522
1648751797.649806,-0.057030594338902674,-12.873015873015873,0.03494505494505473
1648751797.670929,-0.14209964141298492,1.2222222222222285,0.08505494505494493
1648751797.69178,0.032997634851605895,14.682539682539684,0.03494505494505473
1648751797.71266,0.1745250629434647,0.5238095238095184,-0.07978021978021976
1648751797.733663,0.032616159304188486,-13.57142857142857,-0.05868131868131865
1648751797.754573,-0.14705882352941124,-0.6507936507936449,0.06923076923076898
1648751797.775407,-0.05436026550698081,10.777777777777771,0.06131868131868101
1648751797.796428,0.1619363698786902,3.1269841269841265,-0.06791208791208758
1648751797.817301,0.10852979324025291,-9.444444444444443,-0.05604395604395629
1648751797.83818,-0.13065537499046265,-6.206349206349209,0.05340659340659348
1648751797.859037,-0.1119630731670096,6.682539682539684,0.06659340659340662
1648751797.879908,0.12645914396887115,8.841269841269835,-0.03890109890109894
1648751797.900788,0.15506981002517684,-4.650793650793652,-0.06395604395604426
1648751797.921797,-0.07763027389944277,-11.507936507936506,0.03494505494505473
1648751797.942664,-0.13904783703364565,1.7301587301587347,0.08241758241758212
1648751797.963576,0.055886167696650446,14.206349206349202,0.008571428571428452
1648751797.984417,0.16956588082703838,-0.39682539682539186,-0.07978021978021976
1648751798.005305,0.0013351644159609322,-14.111111111111114,-0.02307692307692344
1648751798.026329,-0.14667734798199383,0.6190476190476204,0.06791208791208803
1648751798.047205,-0.027656977187762166,12.142857142857139,0.05868131868131865
1648751798.068204,0.16498817425802947,2.206349206349202,-0.07978021978021976
1648751798.089078,0.07648584725719054,-10.968253968253968,-0.05208791208791208
1648751798.10993,-0.14248111696040233,-3.095238095238095,0.06263736263736241
1648751798.130791,-0.08907454032196505,8.174603174603178,0.06131868131868101
1648751798.151801,0.14591439688715901,6.206349206349202,-0.05208791208791208
1648751798.17267,0.13103685053788006,-7.349206349206348,-0.04681318681318691
1648751798.193413,-0.11081864652475737,-8.841269841269842,0.06000000000000005
1648751798.21443,-0.129129472800793,3.8888888888888857,0.06791208791208803
1648751798.235304,0.09670405127031323,11.539682539682545,-0.04021978021978034
1648751798.256173,0.16079194323643797,-2.301587301587304,-0.0731868131868132
1648751798.277036,-0.04863813229571967,-13.476190476190474,0.028351648351648162
1648751798.29808,-0.14400701915007197,1.3174603174603163,0.08241758241758212
1648751798.318933,0.019645990691996573,14.396825396825392,0.04813186813186787
1648751798.339802,0.16689555199511652,0.46031746031745513,-0.07846153846153836
1648751798.360663,0.032616159304188486,-13.253968253968253,-0.06131868131868101
1648751798.381673,-0.15011062790875052,-0.6507936507936449,0.06791208791208803
1648751798.402561,-0.05893797207598972,10.587301587301582,0.05868131868131865
1648751798.423419,0.15583276112001165,3.1269841269841265,-0.07054945054945083
1648751798.444286,0.10280766002899178,-9.253968253968253,-0.06000000000000005
1648751798.465294,-0.13408865491721933,-6.015873015873019,0.05208791208791208
1648751798.486208,-0.11081864652475737,6.746031746031747,0.06791208791208803
1648751798.507041,0.12607766842145374,8.23809523809524,-0.0415384615384613
1648751798.527932,0.14705882352941124,-4.650793650793652,-0.05868131868131865
1648751798.548937,-0.08602273594262577,-11.253968253968253,0.04021978021978034
1648751798.569774,-0.13904783703364565,1.9841269841269877,0.08109890109890117
1648751798.590795,0.061608300907911584,13.698412698412696,-0.003296703296703285
1648751798.611682,0.16117341878385538,-0.7460317460317469,-0.08241758241758257
1648751798.632586,-0.013923857480735435,-14.20634920634921,-0.021758241758241592
1648751798.653437,-0.14705882352941124,1.0,0.07054945054945083
1648751798.674437,-0.0165941863126573,12.714285714285708,0.056043956043955845
1648751798.695337,0.15964751659418575,1.095238095238102,-0.07846153846153836
1648751798.716338,0.05474174105439822,-11.98412698412698,-0.05340659340659348
1648751798.737177,-0.14858472571908088,-2.3650793650793673,0.07054945054945083
1648751798.758091,-0.07839322499427759,9.222222222222229,0.05472527472527444
1648751798.778918,0.14744029907682865,3.7301587301587347,-0.05736263736263725
1648751798.7998,0.1119630731670096,-8.01587301587302,-0.05340659340659348
1648751798.820671,-0.12798504615854078,-7.158730158730158,0.05076923076923112
1648751798.841677,-0.12340733958953187,5.571428571428569,0.06395604395604426
1648751798.862675,0.11043717097733996,9.603174603174608,-0.04813186813186787
1648751798.883421,0.1451514457923242,-3.857142857142854,-0.06131868131868101
1648751798.904426,-0.08335240711070391,-11.634920634920633,0.036263736263736135
1648751798.925298,-0.14362554360265456,1.8253968253968225,0.08109890109890117
1648751798.946213,0.046730754558632626,14.047619047619051,0.005934065934066091
1648751798.967062,0.1577401388570987,-0.6507936507936449,-0.08109890109890072
1648751798.987937,-0.013923857480735435,-14.333333333333336,-0.021758241758241592
1648751799.008837,-0.1535439078355072,0.39682539682539186,0.07846153846153836
1648751799.029713,-0.03910124361028444,12.047619047619051,0.06527472527472522
1648751799.050691,0.1531624322880898,1.8888888888888857,-0.07978021978021976
1648751799.071712,0.06504158083466827,-11.063492063492063,-0.04813186813186787
1648751799.092457,-0.1493476768139157,-2.7777777777777786,0.06791208791208803
1648751799.113316,-0.09822995345998287,8.079365079365076,0.06659340659340662
1648751799.134303,0.13523308155947156,6.333333333333329,-0.04681318681318691
1648751799.155058,0.1203555352101926,-7.158730158730158,-0.04813186813186787
1648751799.175945,-0.12073701075761001,-8.333333333333336,0.05340659340659348
1648751799.19694,-0.13904783703364565,3.603174603174608,0.06527472527472522
1648751799.217835,0.08258945601586909,11.825396825396822,-0.0257142857142858
1648751799.238818,0.15087357900358533,-1.9841269841269806,-0.07186813186813179
1648751799.259717,-0.056267643244067855,-13.57142857142857,0.028351648351648162
1648751799.280559,-0.15163653009842015,0.9682539682539613,0.08637362637362633
1648751799.301464,0.0017166399633783413,13.952380952380949,0.05340659340659348
1648751799.322567,0.15545128557259424,0.49206349206349387,-0.08505494505494493
1648751799.343441,0.024986648355840302,-13.507936507936506,-0.05604395604395629
1648751799.364278,-0.15545128557259424,-0.7777777777777715,0.0731868131868132
1648751799.385307,-0.07152666514076422,9.984126984126988,0.05472527472527444
1648751799.406069,0.1447699702449068,2.746031746031747,-0.06395604395604426
