Timestamp,POS,VEL,Torq
1648751561.296216,3.044747081712062,-0.015873015873012264,-0.0006593406593404794
1648751561.31701,2.984092469672694,-0.49206349206349387,0.06659340659340662
1648751561.337904,2.982185091935607,2.0793650793650755,0.01252747252747266
1648751561.358762,2.9222934309910737,-3.253968253968253,0.06659340659340662
1648751561.379632,2.9257267109178304,3.349206349206355,0.021758241758241592
1648751561.400526,2.8753719386587324,-5.412698412698411,0.004615384615384688
1648751561.421402,2.834935530632487,3.0634920634920633,0.06791208791208803
1648751561.442273,2.8353170061799045,-2.904761904761905,-0.0415384615384613
1648751561.463025,2.766651407644771,1.095238095238102,0.06659340659340662
1648751561.48392,2.787251087205311,-2.047619047619051,-0.03626373626373658
1648751561.504794,2.7174410620279232,-0.904761904761898,0.06395604395604426
1648751561.525642,2.724689097428854,0.5238095238095184,0.001978021978021882
1648751561.546503,2.6792935072861823,-1.1269841269841265,0.04813186813186787
1648751561.567388,2.6598382543678945,1.4761904761904816,0.036263736263736135
1648751561.588389,2.629701686121919,-0.6507936507936449,0.030989010989010968
1648751561.609262,2.6022354467078657,0.8095238095238102,0.04021978021978034
1648751561.630012,2.5789654383154037,-0.6825396825396837,0.029670329670329565
1648751561.651047,2.5514991989013502,-0.1428571428571388,0.036263736263736135
1648751561.671887,2.5347142748149842,0.49206349206349387,0.011208791208791258
1648751561.69264,2.498092622262913,-0.904761904761898,0.03230769230769237
1648751561.71352,2.4862668802929733,1.0634920634920633,0.005934065934066091
1648751561.734516,2.4511711299305716,-1.3809523809523796,0.021758241758241592
1648751561.755401,2.43667505912871,2.142857142857139,0.015164835164835022
1648751561.776278,2.4065384908827347,-1.2222222222222214,0.007252747252747049
1648751561.797152,2.3809796292057683,2.6825396825396837,0.03758241758241798
1648751561.818055,2.3588540474555586,-1.9841269841269806,-0.01252747252747266
1648751561.838904,2.3310063324940877,2.9682539682539613,0.05076923076923112
1648751561.859722,2.3130769817654695,-3.095238095238095,-0.017802197802197828
1648751561.880655,2.2749294270237286,2.8412698412698347,0.06923076923076898
1648751561.901527,2.2741664759288938,-3.4126984126984112,-0.028351648351648162
1648751561.922391,2.213511863889524,2.0158730158730123,0.07186813186813179
1648751561.943271,2.2455558098725863,-1.7619047619047592,-0.06791208791208758
1648751561.964153,2.150949874113069,-1.3809523809523796,0.07186813186813179
1648751561.98503,2.2131303883421065,3.095238095238102,-0.05472527472527444
1648751562.005895,2.144464789806973,-8.079365079365083,0.0006593406593404794
1648751562.026804,2.0937285420004574,3.3174603174603163,0.07582417582417555
1648751562.047645,2.1513313496604862,-2.1111111111111143,-0.0731868131868132
1648751562.068533,2.0361257343404287,-3.4126984126984112,0.07186813186813179
1648751562.089431,2.0853360799572744,7.063492063492063,0.023076923076922995
1648751562.110147,2.0967803463797967,-4.587301587301589,-0.07450549450549415
1648751562.131015,1.9430457007705808,-2.396825396825399,0.06923076923076898
1648751562.151895,2.0246814679179064,8.968253968253961,0.023076923076922995
1648751562.172764,2.080376897840848,-2.396825396825399,-0.08637362637362633
1648751562.193644,1.9007019150072484,-9.444444444444443,0.036263736263736135
1648751562.21452,1.890020599679561,4.61904761904762,0.07186813186813179
1648751562.2354,2.0201037613488975,0.9365079365079367,-0.075824175824176
1648751562.25628,1.9346532387273978,-10.142857142857146,-0.05340659340659348
1648751562.277154,1.791218432898452,1.5079365079365061,0.05208791208791208
1648751562.297912,1.931982909895476,9.857142857142861,-0.03362637362637333
1648751562.318897,1.9747081712062258,-3.349206349206348,-0.0771428571428574
1648751562.33977,1.7755779354543382,-10.269841269841272,0.016483516483516425
1648751562.36053,1.7500190737773718,5.063492063492063,0.07054945054945083
1648751562.381409,1.9155794613565273,3.3174603174603163,-0.07186813186813179
1648751562.402283,1.855687800411994,-8.079365079365083,-0.06659340659340662
1648751562.423269,1.6721980621042185,-3.1269841269841265,0.06791208791208803
1648751562.44402,1.7561226825360503,11.19047619047619,0.03494505494505473
1648751562.464931,1.8709468223086905,-1.0317460317460316,-0.0731868131868132
1648751562.485785,1.7500190737773718,-11.063492063492063,-0.06527472527472522
1648751562.506661,1.573777370870527,-3.2222222222222214,0.08769230769230774
1648751562.527527,1.647402151522087,9.793650793650798,0.06791208791208803
1648751562.548388,1.7904554818036171,2.3650793650793673,-0.0916483516483515
1648751562.569286,1.7195010299839772,-8.333333333333336,-0.08109890109890072
1648751562.590271,1.5157930876630807,-6.206349206349209,0.07054945054945083
1648751562.611035,1.527237354085603,6.968253968253961,0.06923076923076898
1648751562.631913,1.703479056992446,4.047619047619051,-0.075824175824176
1648751562.652772,1.6947051194018456,-6.492063492063494,-0.06263736263736286
1648751562.673681,1.4837491416800184,-10.61904761904762,0.04549450549450551
1648751562.694559,1.4112687876707106,1.8571428571428612,0.06923076923076898
1648751562.715411,1.58216983291371,10.396825396825392,-0.008571428571428452
1648751562.736272,1.6607537956816962,-1.6349206349206327,-0.06791208791208758
1648751562.757056,1.4944304570077058,-13.126984126984127,-0.0415384615384613
1648751562.7776,1.323910887312124,-1.9841269841269806,0.0731868131868132
1648751562.798347,1.4250019073777374,11.158730158730165,0.06131868131868101
1648751562.819275,1.5833142595559622,2.142857142857139,-0.08505494505494493
1648751562.840185,1.4677271686884872,-11.634920634920633,-0.06527472527472522
1648751562.861039,1.2705043106736866,-3.158730158730158,0.0771428571428574
1648751562.881943,1.3433661402304118,10.079365079365076,0.06395604395604426
1648751562.902812,1.5245670252536812,2.4285714285714306,-0.07846153846153836
1648751562.923664,1.4307240405889985,-11.476190476190474,-0.06527472527472522
1648751562.944536,1.2232013427939261,-3.349206349206348,0.07582417582417555
1648751562.965314,1.2785152971694522,9.317460317460316,0.05736263736263769
1648751562.986189,1.4696345464255742,2.2698412698412653,-0.06923076923076943
1648751563.007064,1.388380254825666,-10.968253968253968,-0.05736263736263725
1648751563.027904,1.177424277103837,-3.2857142857142847,0.0731868131868132
1648751563.048788,1.2392233157854573,9.603174603174608,0.05868131868131865
1648751563.069652,1.4230945296406503,1.698412698412696,-0.07054945054945083
1648751563.090541,1.3345922026398114,-10.968253968253968,-0.05472527472527444
1648751563.111413,1.130884260318913,-2.5873015873015888,0.07054945054945083
1648751563.132315,1.209086747539482,10.777777777777771,0.04813186813186787
1648751563.15317,1.3765545128557264,0.8412698412698347,-0.0771428571428574
1648751563.174043,1.2853818570229656,-11.0,-0.05340659340659348
1648751563.194895,1.088921950102998,-2.301587301587304,0.06659340659340662
1648751563.215815,1.1854352635996026,11.920634920634924,0.056043956043955845
1648751563.236659,1.3338292515449766,0.015873015873012264,-0.0731868131868132
1648751563.257527,1.2182421606774998,-11.952380952380949,-0.05868131868131865
1648751563.278413,1.0435263599603264,-1.1587301587301582,0.0745054945054946
1648751563.299292,1.1629282063019755,13.063492063492063,0.04021978021978034
1648751563.320031,1.2975890745403227,-0.5238095238095184,-0.075824175824176
1648751563.341042,1.1636911573968103,-12.714285714285715,-0.06000000000000005
1648751563.36191,0.9943160143434806,-1.5079365079365061,0.08373626373626397
1648751563.382792,1.1179140917067212,13.158730158730165,0.04417582417582455
1648751563.403651,1.258678568703747,0.46031746031745513,-0.08769230769230774
1648751563.424402,1.154154268711375,-11.222222222222221,-0.06659340659340662
1648751563.445271,0.9599832150759138,-3.507936507936506,0.07978021978021976
1648751563.466295,1.0381857022964827,11.063492063492063,0.05208791208791208
1648751563.487044,1.19611657892729,1.3809523809523796,-0.08505494505494493
1648751563.507935,1.123254749370565,-9.57142857142857,-0.06395604395604426
1648751563.528793,0.9313725490196081,-3.7301587301587276,0.07582417582417555
1648751563.549667,0.9832532234683757,9.19047619047619,0.05868131868131865
1648751563.570542,1.1423285267414354,2.238095238095241,-0.08901098901098914
1648751563.59142,1.0828183413443195,-8.460317460317462,-0.0731868131868132
1648751563.612314,0.893987945372702,-3.857142857142854,0.0731868131868132
1648751563.633174,0.9260318913557644,7.8253968253968225,0.06131868131868101
1648751563.653924,1.089684901197833,3.253968253968253,-0.08901098901098914
1648751563.674922,1.0492484931715875,-7.698412698412696,-0.06527472527472522
1648751563.695821,0.8566033417257959,-5.412698412698411,0.05868131868131865
1648751563.716673,0.8672846570534833,6.682539682539684,0.06000000000000005
1648751563.737568,1.0397116044861523,4.301587301587304,-0.0771428571428574
1648751563.758446,1.013389791714351,-7.38095238095238,-0.06923076923076943
1648751563.77928,0.8154039826047157,-6.460317460317462,0.06527472527472522
1648751563.80003,0.8169298847943853,6.555555555555557,0.06395604395604426
1648751563.820991,0.9988937209124895,4.365079365079367,-0.06131868131868101
1648751563.841869,0.9943160143434806,-6.396825396825399,-0.05736263736263725
1648751563.862799,0.7909895475700015,-8.714285714285715,0.05208791208791208
1648751563.883672,0.7581826504921043,3.3809523809523796,0.07582417582417555
1648751563.904429,0.942435339894713,8.174603174603178,-0.03758241758241754
1648751563.925288,0.9744792858777753,-4.269841269841272,-0.06923076923076943
1648751563.946285,0.7734416723888007,-10.42857142857143,0.04681318681318691
1648751563.967035,0.701724269474326,1.1904761904761898,0.07978021978021976
1648751563.987908,0.8596551461051352,11.476190476190482,0.008571428571428452
1648751564.008788,0.9519722285801482,-1.2222222222222214,-0.06923076923076943
1648751564.029666,0.7787823300526444,-12.23809523809524,0.0006593406593404794
1648751564.050549,0.668154421301594,1.1269841269841265,0.07186813186813179
1648751564.071409,0.8089188982986197,12.333333333333329,0.030989010989010968
1648751564.092183,0.9233615625238425,-0.39682539682539186,-0.07450549450549415
1648751564.113042,0.768101014724957,-12.61904761904762,-0.028351648351648162
1648751564.133916,0.6284809643701834,-0.015873015873012264,0.06923076923076898
1648751564.15491,0.7368200198367276,11.095238095238102,0.056043956043955845
1648751564.175661,0.8794918745708404,0.39682539682539186,-0.07846153846153836
1648751564.196549,0.7417792019531539,-12.80952380952381,-0.04021978021978034
1648751564.218173,0.6101701380941478,1.3809523809523796,0.06659340659340662
1648751564.239048,0.7402532997634843,11.952380952380949,0.03890109890109894
1648751564.259951,0.8524071107042044,-0.6825396825396837,-0.07846153846153836
1648751564.280699,0.6818875410086207,-12.746031746031747,-0.0006593406593404794
1648751564.301574,0.586137178606851,1.095238095238102,0.08109890109890117
1648751564.322578,0.7272831311512924,12.333333333333329,0.01912087912087923
1648751564.343287,0.8196002136263072,-1.4126984126984112,-0.075824175824176
1648751564.364328,0.6326771953917749,-12.23809523809524,0.024395604395604398
1648751564.38504,0.5659189745937283,2.8412698412698347,0.0771428571428574
1648751564.405934,0.7383459220263973,10.714285714285708,-0.03494505494505473
1648751564.426916,0.7864118410009926,-3.253968253968253,-0.06527472527472522
1648751564.447671,0.577744716563668,-9.698412698412696,0.04417582417582455
1648751564.468572,0.5502784771496145,3.1269841269841265,0.07846153846153836
1648751564.489413,0.7379644464789799,8.301587301587304,-0.05472527472527444
1648751564.510295,0.7360570687418928,-6.460317460317462,-0.06923076923076943
1648751564.531291,0.5212863355458914,-6.333333333333336,0.05472527472527444
1648751564.552077,0.5537117570763712,6.555555555555557,0.06791208791208803
1648751564.572954,0.7387273975738147,3.3174603174603163,-0.07054945054945083
1648751564.593797,0.6929503318837256,-8.333333333333336,-0.05736263736263725
1648751564.614792,0.49229419394216833,-3.158730158730158,0.06395604395604426
1648751564.635553,0.5601968413824672,8.61904761904762,0.05472527472527444
1648751564.656415,0.7207980468451964,0.46031746031745513,-0.06527472527472522
1648751564.677299,0.6044480048828866,-11.98412698412698,-0.05208791208791208
1648751564.698292,0.46749828336003674,1.3174603174603163,0.06527472527472522
1648751564.719057,0.5998702983138777,12.174603174603178,0.027032967032967203
1648751564.739931,0.701724269474326,-1.7619047619047592,-0.0731868131868132
1648751564.760806,0.5361638818951704,-12.80952380952381,0.008571428571428452
1648751564.781708,0.4625391012436104,3.253968253968253,0.07582417582417555
1648751564.802556,0.638399328603036,9.158730158730165,-0.04813186813186787
1648751564.823432,0.6643396658274199,-3.4761904761904745,-0.0731868131868132
1648751564.844306,0.46444647898069746,-8.079365079365083,0.04417582417582455
1648751564.865167,0.47627222095063715,6.365079365079367,0.0771428571428574
1648751564.88594,0.6506065461203931,2.9365079365079367,-0.06791208791208758
1648751564.906931,0.5819409475852595,-9.063492063492063,-0.05604395604395629
1648751564.927807,0.4156176089112691,-0.30158730158730407,0.06659340659340662
1648751564.948682,0.5262455176623178,11.57142857142857,0.03758241758241798
1648751564.96956,0.6380178530556186,-1.9206349206349174,-0.06791208791208758
1648751564.990457,0.4907682917524987,-12.333333333333336,-0.01648351648351687
1648751565.011334,0.4121843289845124,2.6825396825396837,0.08109890109890117
1648751565.032209,0.5830853742275117,8.841269841269835,-0.04813186813186787
1648751565.053084,0.5994888227664603,-3.7301587301587276,-0.07450549450549415
1648751565.073904,0.40951400015259054,-7.507936507936506,0.04549450549450551
1648751565.09481,0.43507286182955696,7.0,0.06263736263736241
1648751565.115685,0.5975814450293733,1.6349206349206327,-0.06791208791208758
1648751565.136545,0.5113679713130388,-9.76190476190476,-0.06527472527472522
1648751565.157302,0.37289234760051926,0.9682539682539613,0.06659340659340662
1648751565.178296,0.5201419089036392,11.158730158730165,-0.03494505494505473
1648751565.199081,0.5781261921110854,-3.0,-0.08241758241758257
1648751565.219958,0.403410391393912,-10.365079365079367,0.0257142857142858
1648751565.24081,0.37327382314793667,3.8253968253968225,0.06923076923076898
1648751565.26164,0.5613412680247194,4.968253968253961,-0.06395604395604426
1648751565.282563,0.5308232242313267,-6.206349206349209,-0.07054945054945083
1648751565.303432,0.3458075837338832,-3.7301587301587276,0.056043956043955845
1648751565.324291,0.40608072022583386,9.793650793650798,0.05340659340659348
1648751565.34518,0.5582894636453801,0.015873015873012264,-0.07186813186813179
1648751565.366066,0.45948729686427114,-9.825396825396822,-0.06395604395604426
1648751565.386923,0.3202487220569168,0.5873015873015817,0.06791208791208803
1648751565.407924,0.4739833676661327,11.730158730158735,-0.02703296703296676
1648751565.42868,0.5415045395590141,-2.6190476190476204,-0.07450549450549415
1648751565.449553,0.378233005264363,-11.825396825396822,-0.007252747252747049
1648751565.470442,0.30613412680247265,2.142857142857139,0.07054945054945083
1648751565.491308,0.495727473868925,8.492063492063494,-0.05340659340659348
1648751565.51218,0.5109864957656214,-3.507936507936506,-0.0916483516483515
1648751565.533083,0.32330052643625606,-8.777777777777779,0.030989010989010968
1648751565.553959,0.30231937132829856,4.968253968253961,0.06263736263736241
1648751565.574927,0.5003051804379339,5.19047619047619,-0.06527472527472522
1648751565.595679,0.4903868162050813,-4.269841269841272,-0.0731868131868132
1648751565.61656,0.2954528114747852,-6.650793650793652,0.04813186813186787
1648751565.637462,0.3084229800869771,7.349206349206355,0.05868131868131865
1648751565.658316,0.49687190051117724,3.253968253968253,-0.0731868131868132
1648751565.679179,0.45986877241168855,-7.222222222222221,-0.06791208791208758
1648751565.699929,0.26913099870298396,-3.793650793650791,0.05208791208791208
1648751565.720807,0.3171969176775775,9.095238095238102,0.05340659340659348
1648751565.741687,0.48962386511024647,1.5714285714285694,-0.07186813186813179
1648751565.762693,0.41485465781643427,-8.80952380952381,-0.06131868131868101
1648751565.783565,0.23899443045700686,-2.5238095238095255,0.0771428571428574
1648751565.80432,0.3160524910353253,10.301587301587304,0.05736263736263769
1648751565.825184,0.47665369649805456,1.095238095238102,-0.07054945054945083
1648751565.846054,0.3961623559929812,-9.349206349206348,-0.06923076923076943
1648751565.866935,0.22297245746547567,-2.301587301587304,0.0745054945054946
1648751565.887818,0.31033035782406415,10.80952380952381,0.06131868131868101
1648751565.908716,0.46711680781261933,1.0634920634920633,-0.07186813186813179
1648751565.929588,0.38586251621271117,-9.349206349206348,-0.07054945054945083
1648751565.950429,0.20923933775844894,-2.4603174603174622,0.0745054945054946
1648751565.971316,0.287823300526437,10.682539682539684,0.056043956043955845
1648751565.992342,0.45376516365301,2.0158730158730123,-0.08373626373626397
1648751566.01305,0.3923476005188071,-8.587301587301589,-0.07186813186813179
1648751566.033975,0.2031357289997704,-3.095238095238095,0.07054945054945083
1648751566.054842,0.2454795147631028,8.61904761904762,0.06263736263736241
1648751566.075718,0.43087663080796546,3.2222222222222285,-0.075824175824176
1648751566.096567,0.39387350270847676,-7.603174603174601,-0.07054945054945083
1648751566.117432,0.19588769359883962,-4.968253968253968,0.06131868131868101
1648751566.138321,0.21000228885328376,6.968253968253961,0.05208791208791208
1648751566.159221,0.4072251468680861,5.507936507936506,-0.06395604395604426
1648751566.180095,0.3946364538033116,-7.031746031746032,-0.07054945054945083
1648751566.200947,0.1913099870298307,-7.1269841269841265,0.05736263736263769
1648751566.221826,0.18177309834439548,5.952380952380949,0.06527472527472522
1648751566.24272,0.38471808957045894,7.19047619047619,-0.06395604395604426
1648751566.2636,0.4068436713206687,-4.333333333333336,-0.06527472527472522
1648751566.284433,0.2073319600213619,-9.76190476190476,0.029670329670329565
1648751566.305188,0.14591439688715901,2.3650793650793673,0.06263736263736241
1648751566.326185,0.33131151293202166,10.587301587301582,-0.04021978021978034
1648751566.347097,0.4152361333638517,-1.3809523809523796,-0.07054945054945083
1648751566.367935,0.25654230563820946,-12.301587301587304,-0.04945054945054972
1648751566.388694,0.12073701075761001,-1.349206349206348,0.08373626373626397
1648751566.409563,0.22487983520256272,10.523809523809518,0.06659340659340662
1648751566.430449,0.39768825818265086,3.507936507936506,-0.09032967032967054
1648751566.451326,0.3416113527122917,-8.365079365079367,-0.07054945054945083
1648751566.47222,0.13408865491721933,-5.8253968253968225,0.06791208791208803
1648751566.493056,0.1371404592965586,6.61904761904762,0.06131868131868101
1648751566.513952,0.34733348592355284,8.079365079365076,-0.05868131868131865
1648751566.534937,0.3919661249713897,-3.0,-0.07054945054945083
1648751566.555679,0.21000228885328376,-12.333333333333336,-0.01384615384615362
1648751566.576573,0.08983749141679986,-0.49206349206349387,0.07846153846153836
1648751566.597449,0.22564278629739754,11.920634920634924,0.06527472527472522
1648751566.618318,0.38586251621271117,2.6825396825396837,-0.0942857142857143
1648751566.639313,0.31872281986724715,-8.841269841269842,-0.0731868131868132
1648751566.660055,0.10433356221866141,-6.650793650793652,0.05868131868131865
1648751566.680945,0.0913633936064695,5.063492063492063,0.056043956043955845
1648751566.701981,0.30155642023346374,10.301587301587304,-0.03758241758241754
1648751566.722814,0.38509956511787635,-0.8412698412698347,-0.075824175824176
1648751566.7436,0.23594262607766758,-11.76190476190476,-0.07186813186813179
1648751566.764433,0.05931944762340713,-3.095238095238095,0.08505494505494493
1648751566.785329,0.11997405966277519,8.80952380952381,0.06791208791208803
1648751566.806228,0.33932249942778725,6.61904761904762,-0.06923076923076943
1648751566.827075,0.3576333257038229,-5.412698412698411,-0.05472527472527444
1648751566.847952,0.14286259250781974,-11.952380952380949,0.030989010989010968
1648751566.868703,0.03833829251544962,0.6190476190476204,0.06923076923076898
1648751566.889581,0.19207293812466553,12.650793650793645,0.0745054945054946
1648751566.9106,0.3664072632944233,3.2222222222222285,-0.08637362637362633
1648751566.931452,0.29392690928511556,-9.095238095238095,-0.06659340659340662
1648751566.952329,0.061608300907911584,-7.571428571428569,0.06659340659340662
1648751566.973217,0.03414206149385812,4.047619047619051,0.05736263736263769
1648751566.99411,0.24662394140535504,12.42857142857143,-0.005934065934066091
1648751567.014979,0.37212939650568444,0.39682539682539186,-0.0731868131868132
1648751567.035829,0.23899443045700686,-11.349206349206348,-0.07054945054945083
1648751567.05658,0.02155336842908362,-4.206349206349209,0.0745054945054946
1648751567.07759,0.03833829251544962,6.746031746031747,0.05736263736263769
1648751567.098456,0.2714198519874884,10.682539682539684,-0.04945054945054972
1648751567.11933,0.3664072632944233,-1.4761904761904745,-0.06000000000000005
1648751567.140195,0.20542458228427485,-12.80952380952381,-0.075824175824176
1648751567.161107,-0.0017166399633783413,-3.793650793650791,0.07978021978021976
1648751567.181947,0.04482337682154558,8.206349206349202,0.06263736263736241
1648751567.20283,0.28896772716868924,9.19047619047619,-0.05604395604395629
1648751567.223706,0.3591592278934925,-2.746031746031747,-0.05604395604395629
1648751567.24457,0.17643244068055175,-13.79365079365079,-0.05340659340659348
1648751567.265481,-0.019645990691996573,-3.095238095238095,0.07846153846153836
1648751567.286315,0.046730754558632626,9.19047619047619,0.06131868131868101
1648751567.307319,0.29354543373769815,8.23809523809524,-0.05736263736263725
1648751567.32807,0.34809643701838766,-3.9841269841269806,-0.05868131868131865
1648751567.348938,0.15087357900358533,-14.460317460317462,-0.0415384615384613
1648751567.369832,-0.032616159304188486,-2.492063492063494,0.08373626373626397
1648751567.390831,0.03871976806286703,9.603174603174608,0.05868131868131865
1648751567.411695,0.2843900205996803,8.206349206349202,-0.06527472527472522
1648751567.432459,0.33894102388036984,-3.857142857142854,-0.06395604395604426
1648751567.453331,0.14591439688715901,-14.365079365079367,-0.04417582417582411
1648751567.474356,-0.03948271915770185,-2.5873015873015888,0.08769230769230774
1648751567.495211,0.026894026092927348,9.317460317460316,0.06263736263736241
1648751567.516071,0.271038376440071,8.23809523809524,-0.06395604395604426
1648751567.536947,0.329785610742352,-3.095238095238095,-0.06263736263736286
1648751567.557697,0.14782177462424606,-14.079365079365083,-0.05604395604395629
1648751567.578583,-0.04367895017929335,-2.746031746031747,0.08637362637362633
1648751567.599438,0.017738612954909527,8.968253968253961,0.06659340659340662
1648751567.620361,0.2618829633020532,8.23809523809524,-0.05736263736263725
1648751567.641323,0.31795986877241234,-3.095238095238095,-0.05868131868131865
1648751567.662088,0.12760357061112337,-14.460317460317462,-0.028351648351648162
1648751567.683073,-0.05321583886472858,-2.301587301587304,0.08373626373626397
1648751567.703948,0.0165941863126573,9.57142857142857,0.06659340659340662
1648751567.724702,0.2580682078278791,7.666666666666671,-0.05604395604395629
1648751567.745609,0.30155642023346374,-4.365079365079367,-0.05340659340659348
1648751567.766576,0.08754863813229541,-14.23809523809524,0.005934065934066091
1648751567.78745,-0.06275272755016381,-1.253968253968253,0.07978021978021976
1648751567.808325,0.03833829251544962,10.936507936507937,0.05868131868131865
1648751567.829068,0.26951247425040137,6.428571428571431,-0.075824175824176
1648751567.849969,0.2752346074616625,-7.0,-0.06791208791208758
1648751567.871447,0.032234683756771076,-12.555555555555557,0.04549450549450551
1648751567.892323,-0.06923781185625977,0.9682539682539613,0.06923076923076898
1648751567.9132,0.08869306477454764,13.063492063492063,0.06659340659340662
1648751567.93408,0.2874418249790196,4.238095238095241,-0.08769230769230774
1648751567.954951,0.2283131151293194,-8.936507936507937,-0.07054945054945083
1648751567.975822,-0.023079270618753256,-9.253968253968253,0.05472527472527444
1648751567.996594,-0.06542305638208568,3.444444444444443,0.06527472527472522
1648751568.017469,0.1493476768139157,14.047619047619051,0.017802197802197828
1648751568.038453,0.29850461585412447,2.1111111111111143,-0.0771428571428574
1648751568.059363,0.18101014724956066,-10.936507936507937,-0.06527472527472522
1648751568.080214,-0.060845349813076766,-6.111111111111114,0.06131868131868101
1648751568.100911,-0.04520485236896299,7.063492063492063,0.06923076923076898
1648751568.121956,0.20199130235751817,10.904761904761898,-0.03494505494505473
1648751568.142864,0.29430838483253297,-1.603174603174601,-0.05868131868131865
1648751568.163718,0.11997405966277519,-13.857142857142854,-0.05736263736263725
1648751568.184614,-0.0829709315632865,-2.7777777777777786,0.0745054945054946
1648751568.205451,-0.014305333028152845,9.603174603174608,0.056043956043955845
1648751568.226335,0.23479819943541536,7.476190476190482,-0.05340659340659348
1648751568.247328,0.27218280308232323,-4.841269841269842,-0.06395604395604426
1648751568.268115,0.05321583886472858,-14.42857142857143,0.017802197802197828
1648751568.288962,-0.09174486915388691,-0.6190476190476204,0.08109890109890117
1648751568.309837,0.032234683756771076,12.301587301587304,0.06131868131868101
1648751568.330706,0.2534905012588702,4.714285714285708,-0.07978021978021976
1648751568.351581,0.236324101625085,-7.349206349206348,-0.06000000000000005
1648751568.372491,-0.008201724269474298,-11.634920634920633,0.05340659340659348
1648751568.393365,-0.09060044251163468,1.349206349206355,0.0731868131868132
1648751568.414213,0.09250782024872173,14.079365079365076,0.06131868131868101
1648751568.435116,0.262645914396888,3.19047619047619,-0.0929670329670329
1648751568.455969,0.17719539177538657,-10.20634920634921,-0.06263736263736286
1648751568.47683,-0.06198977645532899,-6.714285714285715,0.06000000000000005
1648751568.497744,-0.0623712520027464,6.61904761904762,0.05868131868131865
1648751568.518583,0.17719539177538657,10.42857142857143,-0.030989010989010968
1648751568.539469,0.25616083009079205,-1.9841269841269806,-0.06000000000000005
1648751568.560344,0.06275272755016381,-13.79365079365079,-0.005934065934066091
1648751568.58137,-0.0913633936064695,-1.095238095238095,0.08241758241758212
1648751568.602083,0.017357137407492118,11.666666666666671,0.06923076923076898
1648751568.623081,0.22983901731898904,3.6349206349206327,-0.0771428571428574
1648751568.643959,0.18902113374532625,-8.873015873015873,-0.05472527472527444
1648751568.664836,-0.05359731441214599,-8.079365079365083,0.06527472527472522
1648751568.685705,-0.07801174944686018,4.365079365079367,0.05340659340659348
1648751568.706703,0.15049210345616792,11.825396825396822,-0.02043956043956019
1648751568.727581,0.24166475928892872,-1.4126984126984112,-0.06000000000000005
1648751568.74846,0.05474174105439822,-13.920634920634917,-0.009890109890109855
1648751568.769348,-0.0913633936064695,-0.8412698412698347,0.08373626373626397
1648751568.790333,0.022316319523918438,11.825396825396822,0.06659340659340662
1648751568.811087,0.22182803082322344,3.444444444444443,-0.08505494505494493
1648751568.831958,0.16002899214160315,-9.857142857142854,-0.06527472527472522
1648751568.852834,-0.0707637140459294,-5.952380952380949,0.05736263736263769
1648751568.873707,-0.057030594338902674,6.8730158730158735,0.06131868131868101
1648751568.894712,0.17757686732280398,8.80952380952381,-0.04021978021978034
1648751568.915458,0.21877622644388417,-4.079365079365083,-0.06131868131868101
1648751568.936462,-0.0005722133211261138,-12.047619047619051,0.03758241758241798
1648751568.957209,-0.09098191805905209,0.8095238095238102,0.08241758241758212
1648751568.978078,0.0749599450675209,13.793650793650798,0.06000000000000005
1648751568.998999,0.22259098191805826,1.6031746031746081,-0.09032967032967054
1648751569.019997,0.10051880674448732,-12.460317460317462,-0.07054945054945083
1648751569.040708,-0.08869306477454764,-2.142857142857146,0.07582417582417555
1648751569.061585,-0.018501564049744346,9.476190476190482,0.05472527472527444
1648751569.082588,0.20046540016784853,3.857142857142861,-0.06131868131868101
1648751569.103478,0.17109178301670802,-7.8253968253968225,-0.05736263736263725
1648751569.12434,-0.06313420309758122,-7.634920634920633,0.05736263736263769
1648751569.145214,-0.08068207827878204,4.111111111111114,0.05736263736263769
1648751569.166095,0.14019226367589788,10.841269841269835,-0.024395604395604398
1648751569.186999,0.20695048447394448,-2.142857142857146,-0.06527472527472522
1648751569.20771,0.004768444342717615,-12.682539682539684,0.028351648351648162
1648751569.228589,-0.09403372243839137,0.26984126984126533,0.0890109890109887
1648751569.249464,0.04863813229571967,13.19047619047619,0.06000000000000005
1648751569.270376,0.2038986800946052,1.1904761904761898,-0.08769230769230774
1648751569.29134,0.07763027389944277,-12.873015873015873,-0.05736263736263725
1648751569.312092,-0.09822995345998287,-1.4126984126984112,0.07978021978021976
1648751569.332956,-0.02117189288166621,9.730158730158735,0.056043956043955845
1648751569.354007,0.1905470359349959,3.3174603174603163,-0.06395604395604426
1648751569.374839,0.14324406805523715,-9.222222222222221,-0.05604395604395629
1648751569.395713,-0.08525978484779095,-5.4761904761904745,0.05736263736263769
1648751569.41648,-0.07610437170977313,5.984126984126988,0.05340659340659348
1648751569.437464,0.15087357900358533,8.904761904761898,-0.04285714285714315
1648751569.458354,0.18329900053406512,-4.841269841269842,-0.05340659340659348
1648751569.479215,-0.04482337682154558,-10.492063492063494,0.05472527472527444
1648751569.500128,-0.10242618448157437,1.4761904761904816,0.08241758241758212
1648751569.520976,0.07763027389944277,13.825396825396822,0.03362637362637377
1648751569.541709,0.19703212024109185,-0.2380952380952408,-0.0771428571428574
1648751569.562755,0.027275501640344757,-14.111111111111114,-0.01384615384615362
1648751569.583606,-0.11005569542992255,0.1428571428571388,0.0771428571428574
1648751569.604505,-0.0005722133211261138,11.603174603174608,0.06000000000000005
1648751569.625377,0.1909285114824133,2.3650793650793673,-0.0771428571428574
1648751569.64623,0.10128175783932214,-11.57142857142857,-0.06131868131868101
1648751569.667108,-0.10700389105058328,-3.1269841269841265,0.0771428571428574
1648751569.687979,-0.06542305638208568,7.444444444444443,0.05736263736263769
1648751569.708967,0.16460669871061206,6.61904761904762,-0.05340659340659348
1648751569.729691,0.1623178454261076,-7.0,-0.06000000000000005
1648751569.750721,-0.0749599450675209,-8.61904761904762,0.04813186813186787
1648751569.771482,-0.10700389105058328,2.714285714285708,0.0731868131868132
1648751569.792467,0.09861142900740028,12.80952380952381,-0.01252747252747266
1648751569.813229,0.19016556038757848,-0.9682539682539613,-0.0731868131868132
1648751569.834136,0.000953688868543523,-13.666666666666664,0.013846153846154063
1648751569.854963,-0.11692225528343592,0.39682539682539186,0.08109890109890117
1648751569.875856,0.005912870984969842,12.460317460317455,0.06395604395604426
1648751569.896721,0.18596932936598698,1.8888888888888857,-0.07846153846153836
1648751569.917603,0.08335240711070391,-11.888888888888886,-0.05868131868131865
1648751569.938632,-0.11654077973601851,-2.7142857142857153,0.0731868131868132
1648751569.959509,-0.0581750209811549,8.587301587301582,0.06000000000000005
1648751569.980356,0.16956588082703838,5.349206349206355,-0.05472527472527444
1648751570.001233,0.1451514457923242,-7.730158730158728,-0.05736263736263725
1648751570.022137,-0.09327077134355655,-7.4761904761904745,0.05736263736263769
1648751570.042972,-0.10662241550316587,4.206349206349202,0.06923076923076898
1648751570.063885,0.11730373083085333,11.285714285714292,-0.02703296703296676
1648751570.084737,0.1829175249866477,-2.5873015873015888,-0.06263736263736286
1648751570.105486,-0.03109025711451885,-12.968253968253968,0.027032967032967203
1648751570.126511,-0.12417029068436669,0.7142857142857082,0.08505494505494493
1648751570.147362,0.028419928282596985,13.920634920634924,0.06395604395604426
1648751570.168238,0.1863508049134044,1.0634920634920633,-0.07978021978021976
1648751570.189098,0.05512321660181563,-13.476190476190474,-0.05472527472527444
1648751570.209978,-0.12798504615854078,-1.3809523809523796,0.06923076923076898
1648751570.230883,-0.04596780346379781,10.111111111111114,0.06395604395604426
1648751570.25172,0.1741435873960473,3.253968253968253,-0.06000000000000005
1648751570.272596,0.12569619287403633,-9.317460317460316,-0.04681318681318691
1648751570.293509,-0.112344548714427,-6.111111111111114,0.06263736263736241
1648751570.314356,-0.09822995345998287,6.206349206349202,0.06527472527472522
1648751570.335351,0.13866636148622824,9.285714285714292,-0.04021978021978034
1648751570.356224,0.17338063630121248,-4.61904761904762,-0.06000000000000005
1648751570.377136,-0.061226825360494175,-11.634920634920633,0.04549450549450551
1648751570.397991,-0.12989242389562783,1.5079365079365061,0.07978021978021976
1648751570.41885,0.05931944762340713,14.650793650793645,0.027032967032967203
1648751570.439727,0.18825818265049143,0.11111111111111427,-0.075824175824176
1648751570.4606,0.02651255054550994,-14.555555555555557,-0.04285714285714315
1648751570.481475,-0.13637750820172378,-0.36507936507936734,0.07054945054945083
1648751570.502389,-0.033379110399023304,11.412698412698418,0.06263736263736241
1648751570.52335,0.1779583428702214,3.0,-0.06791208791208758
1648751570.544114,0.11043717097733996,-10.42857142857143,-0.05472527472527444
1648751570.565015,-0.12531471732661892,-4.650793650793652,0.056043956043955845
1648751570.585982,-0.09632257572289582,7.2222222222222285,0.06395604395604426
1648751570.606742,0.1451514457923242,8.23809523809524,-0.04549450549450551
1648751570.627602,0.16460669871061206,-6.238095238095241,-0.06263736263736286
1648751570.648512,-0.07648584725719054,-10.936507936507937,0.042857142857142705
1648751570.669477,-0.13103685053788006,2.2698412698412653,0.07846153846153836
1648751570.690477,0.07686732280460795,14.206349206349202,0.003296703296703285
1648751570.71139,0.1863508049134044,-0.7460317460317469,-0.07186813186813179
1648751570.732264,0.003242542153047978,-14.61904761904762,-0.011208791208791258
1648751570.753116,-0.14248111696040233,0.015873015873012264,0.0771428571428574
1648751570.773983,-0.024605172808422893,12.206349206349202,0.05736263736263769
1648751570.794868,0.1779583428702214,2.746031746031747,-0.0731868131868132
1648751570.81573,0.09861142900740028,-11.126984126984127,-0.06263736263736286
1648751570.836478,-0.1325627527275497,-3.6666666666666643,0.05736263736263769
1648751570.857479,-0.09822995345998287,7.571428571428569,0.06527472527472522
1648751570.878483,0.14591439688715901,7.666666666666671,-0.04813186813186787
1648751570.899354,0.16041046768902056,-6.269841269841272,-0.06131868131868101
1648751570.920227,-0.08144502937361686,-10.841269841269842,0.04417582417582455
1648751570.940989,-0.1367589837491412,2.142857142857139,0.0745054945054946
1648751570.962023,0.0665674830243379,14.333333333333329,0.011208791208791258
1648751570.982858,0.18139162279697807,-0.047619047619051,-0.07978021978021976
1648751571.003612,0.011253528648813571,-14.587301587301589,-0.02703296703296676
1648751571.024603,-0.14362554360265456,-0.1428571428571388,0.07582417582417555
1648751571.045362,-0.03452353704127553,12.015873015873012,0.06263736263736241
1648751571.066355,0.17109178301670802,2.8730158730158735,-0.07450549450549415
1648751571.08712,0.0997558556496525,-10.555555555555557,-0.06263736263736286
1648751571.107986,-0.1329442282749671,-4.238095238095241,0.05472527472527444
1648751571.128984,-0.10318913557640919,7.095238095238102,0.06659340659340662
1648751571.149738,0.13828488593881083,8.111111111111114,-0.04285714285714315
1648751571.171142,0.15201800564583756,-6.5238095238095255,-0.06000000000000005
1648751571.192352,-0.09365224689097396,-10.111111111111114,0.05208791208791208
1648751571.213245,-0.13561455710688897,2.6190476190476204,0.07186813186813179
1648751571.234146,0.07686732280460795,13.793650793650798,-0.003296703296703285
1648751571.25502,0.17566948958571693,-1.0317460317460316,-0.07186813186813179
1648751571.275857,-0.012397955291065799,-14.365079365079367,-0.008571428571428452
1648751571.296736,-0.14591439688715901,0.5873015873015817,0.07582417582417555
1648751571.317611,-0.017738612954909527,12.80952380952381,0.056043956043955845
1648751571.338495,0.17223620965896025,2.142857142857139,-0.07846153846153836
1648751571.359396,0.07724879835202536,-11.476190476190474,-0.05340659340659348
1648751571.380399,-0.14209964141298492,-2.904761904761905,0.06527472527472522
1648751571.40124,-0.08793011367971282,8.42857142857143,0.06000000000000005
1648751571.422113,0.15011062790875052,6.301587301587304,-0.05340659340659348
1648751571.442985,0.13942931258106306,-7.095238095238095,-0.05208791208791208
1648751571.463898,-0.10624093995574846,-9.222222222222221,0.06000000000000005
1648751571.484983,-0.13179980163271487,3.5714285714285694,0.06791208791208803
1648751571.505773,0.09327077134355655,12.174603174603178,-0.03230769230769237
1648751571.526772,0.1699473563744558,-1.9206349206349174,-0.06923076923076943
1648751571.54761,-0.032616159304188486,-14.047619047619051,0.008571428571428452
1648751571.568397,-0.1455329213397416,1.0,0.07978021978021976
1648751571.589361,0.0005722133211261138,13.793650793650798,0.06131868131868101
1648751571.610127,0.17109178301670802,1.3174603174603163,-0.07978021978021976
1648751571.630994,0.060463874265659356,-12.23809523809524,-0.05340659340659348
1648751571.651989,-0.1455329213397416,-2.4603174603174622,0.07054945054945083
1648751571.672861,-0.07763027389944277,9.222222222222229,0.05472527472527444
1648751571.693772,0.1535439078355072,4.428571428571431,-0.05736263736263725
1648751571.714613,0.12493324177920151,-7.952380952380949,-0.04681318681318691
1648751571.735528,-0.11959258411535778,-7.761904761904759,0.056043956043955845
1648751571.756377,-0.12607766842145374,4.8730158730158735,0.06395604395604426
1648751571.777274,0.10700389105058328,10.968253968253961,-0.04417582417582411
1648751571.798002,0.1619363698786902,-2.8730158730158735,-0.06923076923076943
1648751571.819025,-0.057030594338902674,-13.19047619047619,0.03362637362637377
1648751571.839879,-0.1447699702449068,1.253968253968253,0.08505494505494493
1648751571.86074,0.024223697261005483,14.682539682539684,0.049450549450549275
1648751571.881525,0.16918440527962098,0.36507936507936734,-0.07846153846153836
1648751571.902493,0.028038452735179575,-13.825396825396822,-0.06131868131868101
1648751571.923402,-0.15011062790875052,-0.49206349206349387,0.06923076923076898
1648751571.944366,-0.055886167696650446,10.904761904761898,0.06000000000000005
1648751571.965114,0.15850308995193352,2.9365079365079367,-0.07054945054945083
1648751571.985993,0.10090028229190473,-9.730158730158728,-0.06131868131868101
1648751572.00699,-0.1367589837491412,-5.4761904761904745,0.05340659340659348
1648751572.027779,-0.112344548714427,6.8730158730158735,0.06527472527472522
1648751572.048615,0.12607766842145374,8.460317460317455,-0.0415384615384613
1648751572.069492,0.14858472571908088,-4.904761904761905,-0.06131868131868101
1648751572.090403,-0.08793011367971282,-11.19047619047619,0.042857142857142705
1648751572.111242,-0.1417181658655675,1.952380952380949,0.08109890109890117
1648751572.132133,0.0581750209811549,14.206349206349202,-0.0006593406593404794
1648751572.153012,0.16536964980544688,-0.5238095238095184,-0.07846153846153836
1648751572.173872,-0.005531395437552433,-14.365079365079367,-0.0257142857142858
1648751572.195009,-0.15049210345616792,0.3333333333333286,0.07846153846153836
1648751572.215875,-0.03185320820935367,12.42857142857143,0.06131868131868101
1648751572.23676,0.16002899214160315,1.9841269841269877,-0.07846153846153836
1648751572.257655,0.07839322499427759,-10.841269841269842,-0.05208791208791208
1648751572.278656,-0.14362554360265456,-3.0,0.06263736263736241
1648751572.299496,-0.09594110017547841,7.984126984126988,0.06395604395604426
1648751572.320405,0.14019226367589788,6.333333333333329,-0.04681318681318691
1648751572.341374,0.1325627527275497,-6.904761904761905,-0.04681318681318691
1648751572.362139,-0.1081483176928355,-9.222222222222221,0.06000000000000005
1648751572.382997,-0.13485160601205415,3.19047619047619,0.06923076923076898
1648751572.403882,0.08525978484779095,12.079365079365076,-0.0257142857142858
1648751572.424785,0.1581216144045161,-1.7619047619047592,-0.0731868131868132
1648751572.445622,-0.04329747463187594,-13.920634920634917,0.01912087912087923
1648751572.466503,-0.14820325017166347,1.0,0.08241758241758212
1648751572.487389,0.0024795910582131597,13.825396825396822,0.06000000000000005
1648751572.508247,0.16002899214160315,0.5238095238095184,-0.08241758241758257
1648751572.52901,0.03643091477836258,-12.841269841269842,-0.06527472527472522
1648751572.550003,-0.15201800564583756,-1.253968253968253,0.07186813186813179
1648751572.570872,-0.07648584725719054,9.698412698412696,0.05340659340659348
1648751572.591783,0.14591439688715901,3.1269841269841265,-0.06000000000000005
1648751572.612659,0.10090028229190473,-9.0,-0.06000000000000005
1648751572.63351,-0.137521934843976,-6.111111111111114,0.05076923076923112
1648751572.654498,-0.12531471732661892,6.0793650793650755,0.05868131868131865
1648751572.675412,0.10967421988250514,9.476190476190482,-0.04813186813186787
1648751572.696126,0.14362554360265456,-3.857142857142854,-0.05736263736263725
1648751572.716989,-0.08793011367971282,-11.57142857142857,0.0415384615384613
1648751572.737841,-0.14858472571908088,1.5714285714285694,0.08373626373626397
1648751572.75875,0.03871976806286703,14.682539682539684,0.015164835164835022
1648751572.779621,0.15659571221484647,-0.49206349206349387,-0.08109890109890072
1648751572.800498,-0.008964675364309116,-14.587301587301589,-0.0257142857142858
1648751572.821375,-0.15545128557259424,0.36507936507936734,0.0745054945054946
1648751572.842263,-0.04482337682154558,11.920634920634924,0.06527472527472522
1648751572.863248,0.15201800564583756,2.206349206349202,-0.0771428571428574
1648751572.884038,0.0707637140459294,-10.682539682539684,-0.04813186813186787
1648751572.905001,-0.1489662012664983,-3.0317460317460316,0.06659340659340662
1648751572.925793,-0.10700389105058328,7.412698412698418,0.06659340659340662
1648751572.946663,0.129129472800793,6.8730158730158735,-0.04285714285714315
1648751572.967499,0.12569619287403633,-6.746031746031747,-0.04417582417582411
1648751572.988412,-0.11539635309376628,-8.936507936507937,0.05736263736263769
1648751573.009415,-0.14248111696040233,3.0634920634920633,0.06923076923076898
1648751573.030123,0.07343404287785127,12.714285714285708,-0.01384615384615362
1648751573.050999,0.15201800564583756,-1.5079365079365061,-0.075824175824176
1648751573.072041,-0.047112230106050035,-13.952380952380949,0.023076923076922995
1648751573.09276,-0.15278095674067238,0.9365079365079367,0.08505494505494493
1648751573.113667,-0.011253528648813571,13.476190476190482,0.05736263736263769
1648751573.134629,0.1535439078355072,0.8412698412698347,-0.08505494505494493
1648751573.155385,0.037193865873197396,-12.682539682539684,-0.06395604395604426
1648751573.176377,-0.15506981002517684,-1.3809523809523796,0.0745054945054946
