Timestamp,POS,VEL,Torq
1648751524.150091,3.1504158083466844,0.11111111111111427,-0.0006593406593404794
1648751524.171007,3.0966277561608297,-1.2857142857142847,0.05208791208791208
1648751524.191769,3.0859464408331423,1.4444444444444429,0.015164835164835022
1648751524.212628,3.0367360952162965,-2.841269841269842,0.03362637362637377
1648751524.233506,3.0191882200350957,2.8412698412698347,0.03890109890109894
1648751524.254522,2.9837109941252766,-3.8888888888888857,0.007252747252747049
1648751524.27526,2.932974746318761,2.2698412698412653,0.06923076923076898
1648751524.296169,2.945944914930953,-2.2698412698412724,-0.04417582417582411
1648751524.316903,2.8486686503395138,-0.8412698412698347,0.06923076923076898
1648751524.338607,2.900930800335699,2.0793650793650755,-0.04681318681318691
1648751524.359525,2.8177691309987036,-7.857142857142854,0.020439560439560633
1648751524.380383,2.795643549248494,4.365079365079367,0.08373626373626397
1648751524.401139,2.798695353627833,-3.0317460317460316,-0.04681318681318691
1648751524.422048,2.7140077821011666,1.1269841269841265,0.05868131868131865
1648751524.443047,2.753681239032579,-0.904761904761898,-0.03890109890109894
1648751524.463768,2.6747158007171734,-3.4761904761904745,0.06395604395604426
1648751524.484638,2.6823453116655216,1.952380952380949,0.020439560439560633
1648751524.505502,2.641527428091859,-0.7777777777777715,0.020439560439560633
1648751524.526516,2.6060502021820398,0.39682539682539186,0.05076923076923112
1648751524.54727,2.6018539711604483,-0.36507936507936734,-0.01384615384615362
1648751524.568263,2.554169527733272,-1.8888888888888857,0.042857142857142705
1648751524.589031,2.5518806744487676,0.36507936507936734,-0.0006593406593404794
1648751524.609889,2.512970168612192,-0.6190476190476204,0.0257142857142858
1648751524.630885,2.492370489051652,2.206349206349202,0.016483516483516425
1648751524.651887,2.468337529564355,-1.0,-0.007252747252747049
1648751524.672635,2.434004730296788,0.8412698412698347,0.03362637362637377
1648751524.693526,2.428282597085527,-0.015873015873012264,-0.0257142857142858
1648751524.714512,2.382505531395438,-1.5396825396825378,0.03494505494505473
1648751524.735262,2.378690775921264,0.5873015873015817,0.0006593406593404794
1648751524.756131,2.3413061722743578,-1.5396825396825378,0.023076923076922995
1648751524.776619,2.3222323949034873,1.6031746031746081,0.028351648351648162
1648751524.797343,2.296673533226521,-1.5079365079365061,0.016483516483516425
1648751524.818176,2.268062867170215,1.698412698412696,0.042857142857142705
1648751524.839019,2.2531853208209363,-1.349206349206348,0.003296703296703285
1648751524.859903,2.221141374837872,1.5079365079365061,0.04813186813186787
1648751524.880778,2.2085526817730976,-0.7777777777777715,0.009890109890109855
1648751524.901654,2.1776531624322875,0.8095238095238102,0.04417582417582455
1648751524.922513,2.166208896009765,-0.6190476190476204,0.011208791208791258
1648751524.943514,2.131494621194781,1.8888888888888857,0.042857142857142705
1648751524.964278,2.1200503547722587,-1.7301587301587276,0.0006593406593404794
1648751524.985155,2.0880064087891963,1.0,0.05076923076923112
1648751525.006031,2.0788509956511785,-0.30158730158730407,0.009890109890109855
1648751525.026927,2.0498588540474554,-0.6507936507936449,0.03758241758241798
1648751525.047801,2.038414587624933,0.5238095238095184,0.020439560439560633
1648751525.068642,2.0147631036850537,1.253968253968253,0.017802197802197828
1648751525.089515,1.9884412909132525,-1.7301587301587276,0.029670329670329565
1648751525.110404,1.9819562066071565,-0.015873015873012264,0.007252747252747049
1648751525.131005,1.9537270160982683,1.1904761904761898,0.023076923076922995
1648751525.151901,1.9316014343480585,-1.6666666666666643,0.01912087912087923
1648751525.172765,1.9205386434729537,-0.1428571428571388,0.01252747252747266
1648751525.193644,1.902227817196918,1.1904761904761898,0.008571428571428452
1648751525.214656,1.8747615777828646,-1.2857142857142847,0.016483516483516425
1648751525.23552,1.8656061646448467,0.36507936507936734,0.007252747252747049
1648751525.256273,1.8427176317998022,0.46031746031745513,0.008571428571428452
1648751525.277158,1.8263141832608536,-0.2380952380952408,0.003296703296703285
1648751525.298162,1.8068589303425657,-0.4285714285714306,0.007252747252747049
1648751525.319029,1.795033188372626,1.4761904761904816,-0.0006593406593404794
1648751525.339887,1.7736705577172511,-0.4285714285714306,-0.007252747252747049
1648751525.36093,1.7519264515144588,-0.015873015873012264,0.009890109890109855
1648751525.381679,1.7412451361867696,-0.30158730158730407,-0.01384615384615362
1648751525.402642,1.7244602121004036,0.9682539682539613,-0.009890109890109855
1648751525.4234,1.706149385824368,-0.9682539682539613,-0.01252747252747266
1648751525.444306,1.6790646219577319,0.39682539682539186,0.021758241758241592
1648751525.465171,1.6748683909361404,0.36507936507936734,-0.01912087912087923
1648751525.485897,1.651216906996261,-0.6507936507936449,0.004615384615384688
1648751525.506911,1.6329060807202254,0.5873015873015817,0.017802197802197828
1648751525.527769,1.6165026321812768,-0.904761904761898,0.005934065934066091
1648751525.548646,1.605439841306172,0.7142857142857082,0.001978021978021882
1648751525.569524,1.5825513084611273,-1.6666666666666643,0.015164835164835022
1648751525.590411,1.5676737621118484,1.5079365079365061,0.029670329670329565
1648751525.61128,1.5512703135728998,-1.2222222222222214,0.01252747252747266
1648751525.632145,1.533722438391699,0.9365079365079367,0.030989010989010968
1648751525.652914,1.5184634164950026,-0.5555555555555571,0.024395604395604398
1648751525.673902,1.5062561989776455,1.1904761904761898,0.024395604395604398
1648751525.694784,1.489089799343862,-0.6190476190476204,0.015164835164835022
1648751525.71566,1.4738307774471657,0.9365079365079367,0.024395604395604398
1648751525.736524,1.4566643778133823,-0.7460317460317469,0.029670329670329565
1648751525.757408,1.4494163424124515,0.8095238095238102,0.01912087912087923
1648751525.778184,1.4333943694209204,0.36507936507936734,0.009890109890109855
1648751525.799148,1.4147020675974673,-0.015873015873012264,0.020439560439560633
1648751525.819984,1.4009689478904406,0.07936507936507553,0.0257142857142858
1648751525.840789,1.389143205920501,0.49206349206349387,0.020439560439560633
1648751525.861615,1.378080415045396,0.7142857142857082,0.008571428571428452
1648751525.882664,1.36129549095903,-0.17460317460317754,0.016483516483516425
1648751525.903526,1.3471808957045859,0.9682539682539613,0.020439560439560633
1648751525.924275,1.3307774471656373,0.07936507936507553,0.021758241758241592
1648751525.945144,1.3288700694285502,0.8730158730158735,-0.001978021978021882
1648751525.966031,1.3056000610360883,0.20634920634920206,0.016483516483516425
1648751525.986905,1.2930113679713138,-0.30158730158730407,0.017802197802197828
1648751526.007901,1.281185626001374,-0.2380952380952408,0.017802197802197828
1648751526.028655,1.272793163958191,0.26984126984126533,0.007252747252747049
1648751526.04965,1.2613488975356688,0.5238095238095184,0.0006593406593404794
1648751526.070539,1.244563973449301,-0.015873015873012264,0.011208791208791258
1648751526.091418,1.2315938048371091,0.1428571428571388,0.015164835164835022
1648751526.112291,1.2197680628671694,0.49206349206349387,0.011208791208791258
1648751526.13319,1.2102311741817342,0.9365079365079367,0.0006593406593404794
1648751526.154032,1.198786907759212,0.49206349206349387,-0.004615384615384688
1648751526.174902,1.1861982146944374,-0.5238095238095184,-0.004615384615384688
1648751526.195782,1.1724650949874107,0.8095238095238102,0.01252747252747266
1648751526.21669,1.160639353017471,0.11111111111111427,0.004615384615384688
1648751526.237534,1.1518654154268706,0.7142857142857082,-0.004615384615384688
1648751526.258566,1.1423285267414354,-0.2380952380952408,-0.01252747252747266
1648751526.279403,1.131647211413748,0.3333333333333286,-0.01384615384615362
1648751526.300169,1.1163881895170515,-0.7460317460317469,-0.0006593406593404794
1648751526.321044,1.1072327763790337,0.8730158730158735,0.004615384615384688
1648751526.341922,1.0938811322194244,-0.17460317460317754,-0.003296703296703285
1648751526.362942,1.093499656672007,0.36507936507936734,-0.02967032967033001
1648751526.383652,1.0740444037537191,-0.904761904761898,-0.011208791208791258
1648751526.404559,1.0648889906157013,-0.11111111111111427,-0.011208791208791258
1648751526.425418,1.051537346456092,-0.4285714285714306,-0.007252747252747049
1648751526.446296,1.0465781643396657,0.7460317460317469,-0.011208791208791258
1648751526.467149,1.0332265201800563,0.36507936507936734,-0.01252747252747266
1648751526.488023,1.0275043869687952,-0.17460317460317754,-0.02967032967033001
1648751526.508909,1.015297169451438,0.015873015873012264,-0.021758241758241592
1648751526.529918,1.0027084763866636,-0.5238095238095184,-0.015164835164835022
1648751526.550817,0.9878309300373846,0.8095238095238102,0.008571428571428452
1648751526.571655,0.9805828946364539,-0.26984126984126533,-0.001978021978021882
1648751526.592534,0.9786755168993668,0.20634920634920206,-0.021758241758241592
1648751526.613281,0.9603646906233312,-0.5555555555555571,-0.004615384615384688
1648751526.634195,0.959220263981079,-0.015873015873012264,-0.02307692307692344
1648751526.655045,0.9344243533989474,-1.253968253968253,0.01252747252747266
1648751526.675908,0.9363317311360344,0.6190476190476204,-0.004615384615384688
1648751526.69665,0.9134431982909899,-1.095238095238095,0.01912087912087923
1648751526.717525,0.9214541847867554,0.6190476190476204,-0.015164835164835022
1648751526.738542,0.8974212252994587,-0.1428571428571388,0.017802197802197828
1648751526.759421,0.9012359807736328,0.20634920634920206,-0.01648351648351687
1648751526.780296,0.8737697413595793,-1.253968253968253,0.03230769230769237
1648751526.801157,0.8802548256656753,0.5238095238095184,0.0006593406593404794
1648751526.822059,0.8581292439154655,-0.6507936507936449,0.023076923076922995
1648751526.842947,0.8630884260318918,-0.17460317460317754,-0.009890109890109855
1648751526.863788,0.843633173113604,-0.30158730158730407,0.021758241758241592
1648751526.884697,0.8443961242084388,0.11111111111111427,-0.0006593406593404794
1648751526.905532,0.8249408712901509,-0.6825396825396837,0.030989010989010968
1648751526.926448,0.8249408712901509,-0.1428571428571388,0.009890109890109855
1648751526.947283,0.8108262760357068,0.11111111111111427,0.020439560439560633
1648751526.968071,0.8089188982986197,-0.047619047619051,0.001978021978021882
1648751526.988919,0.7997634851606019,0.39682539682539186,0.009890109890109855
1648751527.009916,0.793278400854506,-0.17460317460317754,-0.001978021978021882
1648751527.03091,0.7829785610742359,0.3333333333333286,0.007252747252747049
1648751527.051695,0.7730601968413833,-0.39682539682539186,0.01252747252747266
1648751527.073298,0.7654306858930351,0.7142857142857082,0.020439560439560633
1648751527.094176,0.7558937972075999,0.2380952380952408,0.020439560439560633
1648751527.115076,0.751316090638591,0.07936507936507553,0.011208791208791258
1648751527.135948,0.7475013351644151,0.46031746031745513,0.003296703296703285
1648751527.156789,0.7383459220263973,0.39682539682539186,0.004615384615384688
1648751527.177664,0.735294117647058,0.49206349206349387,-0.007252747252747049
1648751527.198564,0.720416571297779,-0.8412698412698347,0.013846153846154063
1648751527.21945,0.7135500114442657,0.6507936507936449,0.020439560439560633
1648751527.240325,0.7063019760433349,-0.49206349206349387,0.009890109890109855
1648751527.2612,0.6998168917372389,0.6507936507936449,0.017802197802197828
1648751527.282042,0.6960021362630648,0.6190476190476204,0.005934065934066091
1648751527.302925,0.6860837720302122,0.7142857142857082,0.007252747252747049
1648751527.323828,0.6795986877241162,-0.1428571428571388,0.004615384615384688
1648751527.344676,0.6788357366292814,0.39682539682539186,-0.008571428571428452
1648751527.365552,0.6673914702067592,0.20634920634920206,0.003296703296703285
1648751527.386418,0.6578545815213239,-0.36507936507936734,0.009890109890109855
1648751527.407295,0.6567101548790717,0.1428571428571388,-0.001978021978021882
1648751527.428177,0.6406881818875405,-0.30158730158730407,0.023076923076922995
1648751527.449046,0.6414511329823753,0.26984126984126533,0.007252747252747049
1648751527.469924,0.634584573128862,0.26984126984126533,0.008571428571428452
1648751527.490915,0.6322957198443575,0.6190476190476204,-0.0006593406593404794
1648751527.51166,0.6235217822537571,0.20634920634920206,-0.0006593406593404794
1648751527.532575,0.6212329289692526,0.5873015873015817,-0.008571428571428452
1648751527.55354,0.6101701380941478,-0.1428571428571388,0.0006593406593404794
1648751527.574416,0.6071183337148085,0.015873015873012264,-0.005934065934066091
1648751527.59518,0.5914778362706947,-0.11111111111111427,0.021758241758241592
1648751527.616043,0.5918593118181121,0.39682539682539186,0.007252747252747049
1648751527.637053,0.5823224231326769,-0.015873015873012264,0.013846153846154063
1648751527.657924,0.5823224231326769,0.2380952380952408,0.001978021978021882
1648751527.678921,0.5735484855420765,0.3333333333333286,0.007252747252747049
1648751527.699681,0.5727855344472417,0.46031746031745513,-0.005934065934066091
1648751527.720578,0.5659189745937283,0.2380952380952408,-0.005934065934066091
1648751527.741457,0.5617227435721368,0.5873015873015817,-0.009890109890109855
1648751527.762307,0.5521858548867016,-0.11111111111111427,-0.001978021978021882
1648751527.783183,0.5514229037918668,0.20634920634920206,-0.01384615384615362
1648751527.804083,0.5361638818951704,-0.39682539682539186,0.01252747252747266
1648751527.824932,0.5346379797055008,0.26984126984126533,0.008571428571428452
1648751527.845798,0.5319676508735789,0.49206349206349387,0.0006593406593404794
1648751527.866681,0.5224307621881437,0.39682539682539186,0.007252747252747049
1648751527.887559,0.5212863355458914,0.49206349206349387,-0.0006593406593404794
1648751527.908419,0.5140383001449607,0.2380952380952408,0.0006593406593404794
1648751527.929302,0.5144197756923781,0.26984126984126533,-0.011208791208791258
1648751527.950183,0.5113679713130388,0.46031746031745513,-0.01912087912087923
1648751527.971058,0.5014496070801862,0.3333333333333286,-0.01252747252747266
1648751527.991933,0.5010681315327687,0.3333333333333286,-0.024395604395604398
1648751528.012806,0.4911497672999161,-0.39682539682539186,-0.01252747252747266
1648751528.033686,0.4831387808041505,-0.047619047619051,0.001978021978021882
1648751528.054583,0.4835202563515679,0.11111111111111427,-0.009890109890109855
1648751528.075585,0.47245746547646306,0.015873015873012264,0.003296703296703285
1648751528.096297,0.4732204165712979,0.2380952380952408,-0.008571428571428452
1648751528.117176,0.46330205233844524,-0.30158730158730407,-0.0006593406593404794
1648751528.138066,0.46444647898069746,0.11111111111111427,-0.009890109890109855
1648751528.158916,0.45910582131685373,-0.1428571428571388,-0.009890109890109855
1648751528.179922,0.45643549248493187,0.1428571428571388,-0.01252747252747266
1648751528.200686,0.4545281147478448,-0.015873015873012264,-0.021758241758241592
1648751528.221919,0.4488059815365837,-0.2380952380952408,-0.02307692307692344
1648751528.242798,0.4457541771572444,0.11111111111111427,-0.02307692307692344
1648751528.26367,0.4415579461356529,0.07936507936507553,-0.02703296703296676
1648751528.284556,0.4331654840924699,0.07936507936507553,-0.01648351648351687
1648751528.305295,0.4327840085450525,0.015873015873012264,-0.0257142857142858
1648751528.326175,0.4194323643854432,-0.5238095238095184,-0.001978021978021882
1648751528.347082,0.41905088883802577,0.1428571428571388,-0.004615384615384688
1648751528.367937,0.4152361333638517,0.3333333333333286,-0.007252747252747049
1648751528.388815,0.4114213778896776,0.07936507936507553,-0.011208791208791258
1648751528.409711,0.40493629358358163,0.07936507936507553,-0.005934065934066091
1648751528.430711,0.40531776913099904,0.07936507936507553,-0.01648351648351687
1648751528.451588,0.39806973373006826,-0.11111111111111427,-0.009890109890109855
1648751528.472427,0.3984512092774857,0.015873015873012264,-0.01912087912087923
1648751528.493301,0.3961623559929812,0.07936507936507553,-0.02703296703296676
1648751528.514206,0.3942549782558942,-0.047619047619051,-0.03494505494505473
1648751528.534937,0.3870069428549634,-0.6507936507936449,-0.02967032967033001
1648751528.555927,0.386625467307546,-0.1428571428571388,-0.03494505494505473
1648751528.576686,0.3820477607385371,-0.11111111111111427,-0.03362637362637333
1648751528.597523,0.3740367742427715,-0.1428571428571388,-0.02307692307692344
1648751528.618582,0.3747997253376063,0.015873015873012264,-0.030989010989010968
1648751528.639308,0.3610666056305796,-0.5555555555555571,-0.003296703296703285
1648751528.660171,0.3618295567254144,0.26984126984126533,-0.007252747252747049
1648751528.681049,0.3572518501564055,0.20634920634920206,-0.008571428571428452
1648751528.701945,0.35648889906157066,0.1428571428571388,-0.01648351648351687
1648751528.722805,0.3492408636606399,-0.5555555555555571,-0.009890109890109855
1648751528.74369,0.34847791256580507,-0.047619047619051,-0.015164835164835022
1648751528.764561,0.3461890592813006,0.2380952380952408,-0.01912087912087923
1648751528.78544,0.3412298771648743,-0.39682539682539186,-0.01912087912087923
1648751528.806313,0.34008545052262207,-0.047619047619051,-0.01912087912087923
1648751528.82718,0.338178072785535,0.2380952380952408,-0.0257142857142858
1648751528.848069,0.336270695048448,0.07936507936507553,-0.03362637362637333
1648751528.868943,0.3328374151216913,-0.39682539682539186,-0.03626373626373658
1648751528.88981,0.3290226596475172,0.26984126984126533,-0.028351648351648162
1648751528.910685,0.32711528191043016,-0.015873015873012264,-0.03494505494505473
1648751528.931559,0.3240634775310909,-0.26984126984126533,-0.03626373626373658
1648751528.952447,0.31795986877241234,0.39682539682539186,-0.024395604395604398
1648751528.973322,0.3168154421301601,0.07936507936507553,-0.030989010989010968
1648751528.994072,0.3080415045395597,-0.8730158730158735,-0.017802197802197828
1648751529.014944,0.3084229800869771,0.36507936507936734,-0.017802197802197828
1648751529.035813,0.3004119935912115,-0.7460317460317469,-0.008571428571428452
1648751529.056519,0.3000305180437941,0.015873015873012264,-0.011208791208791258
1648751529.07713,0.2950713359273678,-0.047619047619051,-0.008571428571428452
1648751529.09793,0.2908751049057763,-0.4285714285714306,-0.007252747252747049
1648751529.11884,0.2904936293583589,-0.015873015873012264,-0.009890109890109855
1648751529.139696,0.2866788738841848,0.11111111111111427,-0.009890109890109855
1648751529.160572,0.2843900205996803,-0.26984126984126533,-0.01252747252747266
1648751529.181435,0.28210116731517587,0.11111111111111427,-0.011208791208791258
1648751529.202195,0.28057526512550623,-0.015873015873012264,-0.01648351648351687
1648751529.223063,0.2798123140306714,0.07936507936507553,-0.02307692307692344
1648751529.243961,0.27790493629358437,0.015873015873012264,-0.02967032967033001
1648751529.264934,0.2740901808194103,-0.5555555555555571,-0.02703296703296676
1648751529.285696,0.2718013275349058,0.07936507936507553,-0.02043956043956019
1648751529.306564,0.2698939497978188,-0.015873015873012264,-0.028351648351648162
1648751529.327559,0.26798657206073173,0.015873015873012264,-0.03230769230769237
1648751529.348345,0.26493476768139246,-0.36507936507936734,-0.028351648351648162
1648751529.369198,0.2588311589227139,0.3333333333333286,-0.015164835164835022
1648751529.390065,0.2580682078278791,-0.015873015873012264,-0.02307692307692344
1648751529.410971,0.2492942702372769,-0.30158730158730407,-0.007252747252747049
1648751529.431678,0.2504386968795309,-0.047619047619051,-0.01252747252747266
1648751529.452559,0.24700541695277245,-0.17460317460317754,-0.009890109890109855
1648751529.473434,0.24166475928892872,0.26984126984126533,0.0006593406593404794
1648751529.494306,0.24166475928892872,-0.11111111111111427,-0.005934065934066091
1648751529.515187,0.24013885709925908,0.07936507936507553,-0.011208791208791258
1648751529.536188,0.2367055771725024,-0.39682539682539186,-0.008571428571428452
1648751529.557073,0.23327229724574572,0.3333333333333286,0.003296703296703285
1648751529.57794,0.2321278706034935,0.07936507936507553,-0.003296703296703285
1648751529.598938,0.23060196841382385,0.015873015873012264,-0.008571428571428452
1648751529.619819,0.22755016403448458,-0.1428571428571388,-0.009890109890109855
1648751529.6407,0.22297245746547567,-0.047619047619051,-0.0006593406593404794
1648751529.661598,0.22297245746547567,-0.015873015873012264,-0.005934065934066091
1648751529.682562,0.22220950637064085,-0.015873015873012264,-0.01252747252747266
1648751529.703317,0.22106507972838862,-0.015873015873012264,-0.01648351648351687
1648751529.724182,0.219539177538719,-0.015873015873012264,-0.01912087912087923
1648751529.745101,0.2157244220645449,-0.5238095238095184,-0.015164835164835022
1648751529.765972,0.21381704432745785,0.015873015873012264,-0.011208791208791258
1648751529.78694,0.2122911421377882,-0.015873015873012264,-0.01384615384615362
1648751529.807814,0.21076523994811858,-0.015873015873012264,-0.017802197802197828
1648751529.828727,0.20885786221103153,-0.1428571428571388,-0.01912087912087923
1648751529.849567,0.20275425345235298,-0.015873015873012264,-0.004615384615384688
1648751529.870452,0.2031357289997704,-0.047619047619051,-0.011208791208791258
1648751529.891351,0.20160982681010076,0.015873015873012264,-0.015164835164835022
1648751529.912202,0.19703212024109185,-0.6190476190476204,-0.005934065934066091
1648751529.9331,0.19436179140916998,0.07936507936507553,0.003296703296703285
1648751529.953942,0.19283588921950034,-0.047619047619051,-0.003296703296703285
1648751529.974852,0.19207293812466553,0.07936507936507553,-0.007252747252747049
1648751529.995702,0.18940260929274366,-0.1428571428571388,-0.007252747252747049
1648751530.016572,0.18329900053406512,0.26984126984126533,0.008571428571428452
1648751530.037453,0.18406195162889993,-0.015873015873012264,0.003296703296703285
1648751530.058326,0.1829175249866477,-0.047619047619051,-0.0006593406593404794
1648751530.079228,0.18177309834439548,0.015873015873012264,-0.003296703296703285
1648751530.099648,0.17948424505989102,-0.17460317460317754,-0.004615384615384688
1648751530.12044,0.1745250629434647,0.26984126984126533,0.009890109890109855
1648751530.141197,0.1749065384908821,0.11111111111111427,0.003296703296703285
1648751530.162062,0.17376211184862989,-0.047619047619051,0.0006593406593404794
1648751530.182958,0.17299916075379507,-0.015873015873012264,-0.003296703296703285
1648751530.203942,0.1707103074692906,-0.11111111111111427,-0.004615384615384688
1648751530.224854,0.16727702754253393,-0.2380952380952408,0.001978021978021882
1648751530.245729,0.1665140764476991,-0.047619047619051,0.0006593406593404794
1648751530.266694,0.1657511253528643,0.015873015873012264,-0.001978021978021882
1648751530.287569,0.16498817425802947,0.015873015873012264,-0.005934065934066091
1648751530.308442,0.16422522316319466,0.015873015873012264,-0.009890109890109855
1648751530.329196,0.16384374761577725,0.015873015873012264,-0.01252747252747266
1648751530.35006,0.16269932097352502,-0.015873015873012264,-0.01648351648351687
1648751530.371071,0.16041046768902056,-0.17460317460317754,-0.015164835164835022
1648751530.391942,0.15506981002517684,0.11111111111111427,-0.001978021978021882
1648751530.412695,0.15545128557259424,-0.015873015873012264,-0.005934065934066091
1648751530.433561,0.15468833447775943,-0.047619047619051,-0.009890109890109855
1648751530.454567,0.15430685893034202,0.015873015873012264,-0.01252747252747266
1648751530.475449,0.1531624322880898,0.015873015873012264,-0.015164835164835022
1648751530.496322,0.15087357900358533,-0.17460317460317754,-0.01384615384615362
1648751530.517085,0.14438849469748938,0.2380952380952408,0.004615384615384688
1648751530.537957,0.1451514457923242,0.015873015873012264,-0.0006593406593404794
1648751530.558946,0.14438849469748938,-0.047619047619051,-0.003296703296703285
1648751530.579842,0.14324406805523715,0.07936507936507553,-0.005934065934066091
1648751530.60057,0.13904783703364565,-0.6507936507936449,0.003296703296703285
1648751530.621821,0.13637750820172378,-0.015873015873012264,0.01252747252747266
1648751530.642704,0.13523308155947156,-0.047619047619051,0.009890109890109855
1648751530.663586,0.13485160601205415,0.07936507936507553,0.005934065934066091
1648751530.684462,0.13408865491721933,-0.015873015873012264,0.003296703296703285
1648751530.705336,0.1329442282749671,-0.015873015873012264,0.003296703296703285
1648751530.726199,0.1283665217059582,-0.5238095238095184,0.011208791208791258
1648751530.746965,0.12760357061112337,-0.047619047619051,0.01252747252747266
1648751530.767948,0.12684061951628856,-0.015873015873012264,0.011208791208791258
1648751530.788824,0.12607766842145374,0.015873015873012264,0.007252747252747049
1648751530.809558,0.12569619287403633,-0.015873015873012264,0.004615384615384688
1648751530.830605,0.12493324177920151,0.015873015873012264,0.001978021978021882
1648751530.851572,0.12417029068436669,-0.015873015873012264,0.0006593406593404794
1648751530.872616,0.12302586404211446,-0.047619047619051,-0.0006593406593404794
1648751530.893461,0.12149996185244483,-0.2380952380952408,0.0006593406593404794
1648751530.914338,0.11768520637827073,0.2380952380952408,0.013846153846154063
1648751530.935213,0.11730373083085333,-0.047619047619051,0.008571428571428452
1648751530.956113,0.11654077973601851,-0.015873015873012264,0.005934065934066091
1648751530.976962,0.1161593041886011,-0.015873015873012264,0.003296703296703285
1648751530.997868,0.11577782864118369,0.07936507936507553,0.0006593406593404794
1648751531.018716,0.11539635309376628,-0.015873015873012264,-0.001978021978021882
1648751531.03959,0.11463340199893146,-0.015873015873012264,-0.003296703296703285
1648751531.060466,0.11348897535667923,-0.015873015873012264,-0.004615384615384688
1648751531.081326,0.1119630731670096,-0.1428571428571388,-0.003296703296703285
1648751531.10209,0.10852979324025291,0.1428571428571388,0.005934065934066091
1648751531.123111,0.1081483176928355,-0.11111111111111427,0.001978021978021882
1648751531.143952,0.1077668421454181,0.015873015873012264,-0.0006593406593404794
1648751531.164715,0.10738536659800069,-0.015873015873012264,-0.001978021978021882
1648751531.185678,0.10700389105058328,-0.015873015873012264,-0.004615384615384688
1648751531.206589,0.10662241550316587,-0.015873015873012264,-0.005934065934066091
1648751531.227491,0.10585946440833105,-0.015873015873012264,-0.008571428571428452
1648751531.248332,0.10547798886091364,-0.015873015873012264,-0.011208791208791258
1648751531.269092,0.10509651331349623,0.07936507936507553,-0.01252747252747266
1648751531.289963,0.10433356221866141,-0.015873015873012264,-0.01384615384615362
1648751531.310952,0.10318913557640919,-0.015873015873012264,-0.01384615384615362
1648751531.331867,0.10013733119706991,-0.26984126984126533,-0.008571428571428452
1648751531.352702,0.09822995345998287,0.015873015873012264,-0.0006593406593404794
1648751531.373577,0.09746700236514805,-0.015873015873012264,-0.004615384615384688
1648751531.394494,0.09746700236514805,0.015873015873012264,-0.005934065934066091
1648751531.415346,0.09670405127031323,0.015873015873012264,-0.008571428571428452
1648751531.43622,0.09632257572289582,-0.047619047619051,-0.009890109890109855
1648751531.457078,0.09594110017547841,-0.015873015873012264,-0.011208791208791258
1648751531.477963,0.09517814908064359,-0.047619047619051,-0.01252747252747266
1648751531.498869,0.09365224689097396,-0.047619047619051,-0.011208791208791258
1648751531.519707,0.09060044251163468,-0.30158730158730407,-0.003296703296703285
1648751531.54058,0.08869306477454764,-0.015873015873012264,0.001978021978021882
1648751531.561455,0.08793011367971282,0.015873015873012264,0.0006593406593404794
1648751531.582223,0.08793011367971282,0.015873015873012264,-0.001978021978021882
1648751531.603215,0.08754863813229541,0.015873015873012264,-0.004615384615384688
1648751531.623971,0.08678568703746059,0.015873015873012264,-0.005934065934066091
1648751531.64496,0.08640421149004318,0.015873015873012264,-0.007252747252747049
1648751531.665837,0.08602273594262577,-0.015873015873012264,-0.007252747252747049
1648751531.686723,0.08258945601586909,-0.36507936507936734,0.0006593406593404794
1648751531.707596,0.0791561760891124,0.015873015873012264,0.015164835164835022
1648751531.728496,0.07801174944686018,-0.047619047619051,0.01252747252747266
1648751531.749368,0.07801174944686018,0.07936507936507553,0.009890109890109855
1648751531.770245,0.07763027389944277,-0.015873015873012264,0.007252747252747049
1648751531.790967,0.07763027389944277,-0.047619047619051,0.005934065934066091
1648751531.811847,0.07724879835202536,-0.047619047619051,0.003296703296703285
1648751531.832723,0.07686732280460795,-0.047619047619051,0.001978021978021882
1648751531.853562,0.07648584725719054,-0.015873015873012264,0.001978021978021882
1648751531.874584,0.07572289616235572,-0.015873015873012264,0.0006593406593404794
1648751531.895458,0.0749599450675209,-0.015873015873012264,-0.0006593406593404794
1648751531.916219,0.07381551842526868,-0.1428571428571388,0.001978021978021882
1648751531.937105,0.06847486076142495,0.1428571428571388,0.017802197802197828
1648751531.957979,0.06923781185625977,-0.1428571428571388,0.013846153846154063
1648751531.978872,0.06885633630884236,0.015873015873012264,0.01252747252747266
1648751531.999714,0.06847486076142495,0.015873015873012264,0.011208791208791258
1648751532.020712,0.06847486076142495,-0.015873015873012264,0.008571428571428452
1648751532.041588,0.06809338521400754,-0.015873015873012264,0.007252747252747049
1648751532.062474,0.06733043411917272,-0.015873015873012264,0.005934065934066091
1648751532.083373,0.06694895857175531,-0.047619047619051,0.004615384615384688
1648751532.104248,0.06694895857175531,-0.015873015873012264,0.003296703296703285
1648751532.1251,0.0665674830243379,-0.047619047619051,0.001978021978021882
1648751532.145976,0.06580453192950309,-0.11111111111111427,0.001978021978021882
1648751532.166963,0.06504158083466827,0.07936507936507553,0.001978021978021882
1648751532.187747,0.06389715419241604,-0.047619047619051,0.003296703296703285
1648751532.20858,0.06008239871824195,0.07936507936507553,0.015164835164835022
1648751532.22948,0.060463874265659356,-0.11111111111111427,0.01252747252747266
1648751532.250332,0.06008239871824195,-0.11111111111111427,0.009890109890109855
1648751532.27125,0.06008239871824195,0.07936507936507553,0.009890109890109855
1648751532.292125,0.05970092317082454,0.015873015873012264,0.008571428571428452
1648751532.312998,0.05931944762340713,-0.015873015873012264,0.007252747252747049
1648751532.333857,0.05893797207598972,-0.047619047619051,0.005934065934066091
1648751532.354863,0.05855649652857231,-0.015873015873012264,0.005934065934066091
1648751532.375715,0.05855649652857231,-0.015873015873012264,0.004615384615384688
1648751532.396588,0.0581750209811549,-0.047619047619051,0.003296703296703285
1648751532.417345,0.05779354543373749,-0.11111111111111427,0.0006593406593404794
1648751532.438233,0.05741206988632008,-0.047619047619051,0.0006593406593404794
1648751532.459105,0.056649118791485265,-0.047619047619051,0.0006593406593404794
1648751532.480003,0.056649118791485265,-0.015873015873012264,-0.0006593406593404794
1648751532.500855,0.055886167696650446,-0.015873015873012264,-0.0006593406593404794
1648751532.521601,0.055886167696650446,-0.047619047619051,-0.001978021978021882
1648751532.542623,0.05321583886472858,-0.17460317460317754,0.003296703296703285
1648751532.563505,0.05245288776989376,0.015873015873012264,0.007252747252747049
1648751532.584355,0.052071412222476354,0.015873015873012264,0.005934065934066091
1648751532.605106,0.051689936675058945,-0.047619047619051,0.004615384615384688
1648751532.625966,0.051689936675058945,-0.015873015873012264,0.004615384615384688
1648751532.64698,0.051308461127641536,0.07936507936507553,0.003296703296703285
1648751532.667858,0.05092698558022413,-0.015873015873012264,0.003296703296703285
1648751532.688755,0.05054551003280672,-0.047619047619051,0.0006593406593404794
1648751532.709592,0.05054551003280672,-0.047619047619051,-0.0006593406593404794
1648751532.730468,0.05016403448538931,-0.015873015873012264,-0.0006593406593404794
1648751532.751344,0.05016403448538931,-0.047619047619051,-0.003296703296703285
1648751532.772218,0.0497825589379719,-0.047619047619051,-0.003296703296703285
1648751532.792974,0.0497825589379719,0.015873015873012264,-0.004615384615384688
1648751532.813972,0.0497825589379719,0.07936507936507553,-0.005934065934066091
1648751532.835011,0.04940108339055449,0.015873015873012264,-0.005934065934066091
1648751532.855733,0.04901960784313708,0.015873015873012264,-0.008571428571428452
1648751532.876592,0.04901960784313708,-0.015873015873012264,-0.008571428571428452
1648751532.897353,0.04863813229571967,-0.015873015873012264,-0.009890109890109855
1648751532.918255,0.04863813229571967,0.015873015873012264,-0.011208791208791258
1648751532.939109,0.04825665674830226,-0.047619047619051,-0.01252747252747266
1648751532.959982,0.04825665674830226,-0.015873015873012264,-0.01252747252747266
1648751532.980884,0.04787518120088485,-0.047619047619051,-0.01384615384615362
1648751533.001723,0.04787518120088485,0.07936507936507553,-0.01384615384615362
1648751533.022603,0.047112230106050035,-0.015873015873012264,-0.015164835164835022
1648751533.043486,0.047112230106050035,0.07936507936507553,-0.01648351648351687
1648751533.064348,0.046730754558632626,-0.015873015873012264,-0.01648351648351687
1648751533.085257,0.046349279011215216,-0.015873015873012264,-0.01648351648351687
1648751533.106107,0.04596780346379781,-0.015873015873012264,-0.01648351648351687
1648751533.127008,0.04520485236896299,-0.015873015873012264,-0.01648351648351687
1648751533.147972,0.042534523537041125,-0.36507936507936734,-0.008571428571428452
1648751533.168732,0.0413900968947889,0.015873015873012264,-0.001978021978021882
1648751533.189611,0.04062714579995408,-0.015873015873012264,-0.003296703296703285
1648751533.210596,0.04062714579995408,-0.047619047619051,-0.004615384615384688
1648751533.231353,0.04062714579995408,-0.047619047619051,-0.005934065934066091
1648751533.252235,0.04024567025253667,-0.015873015873012264,-0.005934065934066091
1648751533.273135,0.04024567025253667,0.015873015873012264,-0.007252747252747049
1648751533.293978,0.03986419470511926,0.015873015873012264,-0.008571428571428452
1648751533.314851,0.03986419470511926,-0.015873015873012264,-0.009890109890109855
1648751533.335738,0.03948271915770185,-0.047619047619051,-0.009890109890109855
1648751533.356635,0.03948271915770185,-0.015873015873012264,-0.011208791208791258
1648751533.377475,0.03910124361028444,-0.015873015873012264,-0.011208791208791258
1648751533.398379,0.03910124361028444,-0.015873015873012264,-0.01252747252747266
1648751533.419264,0.03910124361028444,-0.015873015873012264,-0.01252747252747266
1648751533.440099,0.03871976806286703,0.07936507936507553,-0.01384615384615362
1648751533.460977,0.03833829251544962,-0.047619047619051,-0.015164835164835022
1648751533.481871,0.03833829251544962,0.015873015873012264,-0.015164835164835022
1648751533.502727,0.03833829251544962,-0.015873015873012264,-0.015164835164835022
1648751533.523616,0.03833829251544962,0.015873015873012264,-0.01648351648351687
1648751533.544489,0.037956816968032214,0.015873015873012264,-0.01648351648351687
1648751533.565388,0.037575341420614805,-0.047619047619051,-0.01648351648351687
1648751533.586263,0.037193865873197396,-0.047619047619051,-0.01648351648351687
1648751533.607101,0.037193865873197396,-0.047619047619051,-0.017802197802197828
1648751533.628013,0.03681239032577999,-0.015873015873012264,-0.017802197802197828
1648751533.648886,0.03604943923094517,-0.11111111111111427,-0.01648351648351687
1648751533.66974,0.03490501258869294,-0.11111111111111427,-0.01384615384615362
1648751533.690727,0.03032730601968403,0.20634920634920206,0.003296703296703285
1648751533.711604,0.03070878156710144,-0.11111111111111427,0.0006593406593404794
1648751533.732369,0.03070878156710144,-0.015873015873012264,0.0006593406593404794
1648751533.753245,0.03032730601968403,-0.047619047619051,-0.0006593406593404794
1648751533.77414,0.03032730601968403,-0.015873015873012264,-0.0006593406593404794
1648751533.795105,0.03032730601968403,0.015873015873012264,-0.001978021978021882
1648751533.815977,0.03032730601968403,-0.015873015873012264,-0.003296703296703285
1648751533.836854,0.02994583047226662,-0.015873015873012264,-0.003296703296703285
1648751533.857607,0.02994583047226662,0.015873015873012264,-0.004615384615384688
1648751533.878643,0.029564354924849212,-0.047619047619051,-0.004615384615384688
1648751533.899487,0.029564354924849212,-0.047619047619051,-0.004615384615384688
1648751533.920362,0.029182879377431803,-0.015873015873012264,-0.005934065934066091
1648751533.941242,0.029182879377431803,-0.11111111111111427,-0.007252747252747049
1648751533.962124,0.028801403830014394,-0.047619047619051,-0.007252747252747049
1648751533.982994,0.028801403830014394,-0.015873015873012264,-0.007252747252747049
1648751534.003868,0.028801403830014394,-0.11111111111111427,-0.007252747252747049
1648751534.024988,0.028419928282596985,-0.015873015873012264,-0.008571428571428452
1648751534.046008,0.028419928282596985,-0.015873015873012264,-0.008571428571428452
1648751534.066742,0.028038452735179575,-0.047619047619051,-0.008571428571428452
1648751534.087604,0.027656977187762166,-0.015873015873012264,-0.008571428571428452
1648751534.108645,0.027275501640344757,-0.047619047619051,-0.008571428571428452
1648751534.129354,0.027275501640344757,-0.047619047619051,-0.007252747252747049
1648751534.150358,0.02574959945067512,-0.11111111111111427,-0.004615384615384688
1648751534.171206,0.02040894178683139,-0.6190476190476204,0.011208791208791258
1648751534.192107,0.0207904173342488,-0.11111111111111427,0.01252747252747266
1648751534.212982,0.0207904173342488,0.015873015873012264,0.01252747252747266
1648751534.234007,0.0207904173342488,0.015873015873012264,0.011208791208791258
1648751534.254865,0.0207904173342488,-0.11111111111111427,0.011208791208791258
1648751534.275749,0.02040894178683139,-0.047619047619051,0.011208791208791258
1648751534.296611,0.02040894178683139,-0.047619047619051,0.008571428571428452
1648751534.317524,0.02040894178683139,-0.047619047619051,0.009890109890109855
1648751534.338607,0.020027466239413982,0.015873015873012264,0.008571428571428452
1648751534.359483,0.020027466239413982,0.015873015873012264,0.008571428571428452
1648751534.380253,0.020027466239413982,-0.047619047619051,0.008571428571428452
1648751534.401105,0.020027466239413982,-0.015873015873012264,0.007252747252747049
1648751534.422023,0.020027466239413982,-0.015873015873012264,0.007252747252747049
1648751534.443024,0.019645990691996573,0.015873015873012264,0.005934065934066091
1648751534.463897,0.019645990691996573,0.07936507936507553,0.005934065934066091
1648751534.484769,0.019645990691996573,-0.047619047619051,0.004615384615384688
1648751534.505649,0.019645990691996573,0.015873015873012264,0.004615384615384688
1648751534.526611,0.019264515144579164,-0.047619047619051,0.004615384615384688
1648751534.547357,0.019264515144579164,-0.047619047619051,0.003296703296703285
1648751534.568274,0.019264515144579164,-0.015873015873012264,0.003296703296703285
1648751534.589104,0.018883039597161755,-0.047619047619051,0.003296703296703285
1648751534.610007,0.019264515144579164,-0.015873015873012264,0.003296703296703285
1648751534.631027,0.018883039597161755,0.015873015873012264,0.001978021978021882
1648751534.651899,0.018883039597161755,0.07936507936507553,0.001978021978021882
1648751534.672737,0.018883039597161755,0.015873015873012264,0.001978021978021882
1648751534.693615,0.018501564049744346,-0.047619047619051,0.001978021978021882
1648751534.714493,0.018501564049744346,0.015873015873012264,0.001978021978021882
1648751534.735374,0.018501564049744346,0.07936507936507553,0.0006593406593404794
1648751534.756149,0.018120088502326936,-0.11111111111111427,0.0006593406593404794
1648751534.777112,0.018120088502326936,-0.015873015873012264,0.0006593406593404794
1648751534.798031,0.017738612954909527,-0.015873015873012264,0.0006593406593404794
1648751534.818693,0.017738612954909527,0.11111111111111427,0.0006593406593404794
1648751534.839655,0.017357137407492118,-0.047619047619051,0.0006593406593404794
1648751534.860369,0.017357137407492118,-0.015873015873012264,0.0006593406593404794
1648751534.881279,0.01697566186007471,-0.047619047619051,0.001978021978021882
1648751534.902133,0.01697566186007471,0.015873015873012264,0.0006593406593404794
1648751534.92299,0.0165941863126573,-0.015873015873012264,0.001978021978021882
1648751534.943881,0.01621271076523989,0.015873015873012264,0.001978021978021882
1648751534.964739,0.014686808575570254,-0.11111111111111427,0.005934065934066091
1648751534.985616,0.012397955291065799,0.07936507936507553,0.015164835164835022
1648751535.006504,0.012397955291065799,-0.015873015873012264,0.013846153846154063
1648751535.02738,0.012397955291065799,0.015873015873012264,0.013846153846154063
1648751535.048279,0.012397955291065799,0.015873015873012264,0.013846153846154063
1648751535.069118,0.012397955291065799,-0.11111111111111427,0.01252747252747266
1648751535.089997,0.012397955291065799,0.015873015873012264,0.01252747252747266
1648751535.111029,0.01201647974364839,-0.047619047619051,0.01252747252747266
1648751535.131757,0.012397955291065799,-0.11111111111111427,0.01252747252747266
1648751535.152623,0.01201647974364839,-0.047619047619051,0.011208791208791258
1648751535.173695,0.01201647974364839,-0.047619047619051,0.011208791208791258
1648751535.194783,0.01201647974364839,-0.047619047619051,0.011208791208791258
1648751535.215632,0.01201647974364839,-0.015873015873012264,0.009890109890109855
1648751535.236505,0.01201647974364839,-0.015873015873012264,0.009890109890109855
1648751535.257259,0.01163500419623098,-0.015873015873012264,0.009890109890109855
1648751535.278282,0.01163500419623098,-0.015873015873012264,0.009890109890109855
1648751535.299008,0.01163500419623098,0.015873015873012264,0.009890109890109855
1648751535.319873,0.011253528648813571,-0.11111111111111427,0.009890109890109855
1648751535.340739,0.011253528648813571,-0.015873015873012264,0.008571428571428452
1648751535.361635,0.011253528648813571,0.07936507936507553,0.008571428571428452
1648751535.382661,0.011253528648813571,0.015873015873012264,0.008571428571428452
1648751535.403363,0.011253528648813571,-0.11111111111111427,0.008571428571428452
1648751535.424281,0.010872053101396162,-0.015873015873012264,0.007252747252747049
1648751535.445126,0.010872053101396162,-0.047619047619051,0.007252747252747049
1648751535.465999,0.010872053101396162,0.015873015873012264,0.007252747252747049
1648751535.486878,0.010872053101396162,-0.015873015873012264,0.007252747252747049
1648751535.507743,0.010872053101396162,-0.015873015873012264,0.005934065934066091
1648751535.528636,0.010872053101396162,-0.015873015873012264,0.007252747252747049
1648751535.549503,0.010490577553978753,-0.015873015873012264,0.005934065934066091
1648751535.570496,0.010490577553978753,-0.015873015873012264,0.005934065934066091
1648751535.591372,0.010490577553978753,0.015873015873012264,0.005934065934066091
1648751535.612247,0.010490577553978753,-0.047619047619051,0.004615384615384688
1648751535.633125,0.010490577553978753,0.07936507936507553,0.004615384615384688
1648751535.654002,0.010490577553978753,0.015873015873012264,0.005934065934066091
1648751535.674996,0.010109102006561344,-0.015873015873012264,0.004615384615384688
1648751535.695756,0.010109102006561344,-0.047619047619051,0.004615384615384688
1648751535.716638,0.010109102006561344,-0.11111111111111427,0.004615384615384688
1648751535.737513,0.010109102006561344,-0.015873015873012264,0.003296703296703285
1648751535.758387,0.010109102006561344,-0.015873015873012264,0.003296703296703285
1648751535.779248,0.010109102006561344,-0.047619047619051,0.003296703296703285
1648751535.800121,0.010109102006561344,-0.047619047619051,0.001978021978021882
1648751535.821038,0.010109102006561344,-0.015873015873012264,0.003296703296703285
1648751535.841851,0.009727626459143934,-0.047619047619051,0.003296703296703285
1648751535.862761,0.009727626459143934,-0.015873015873012264,0.001978021978021882
1648751535.883623,0.009727626459143934,0.015873015873012264,0.001978021978021882
1648751535.904512,0.009727626459143934,-0.047619047619051,0.001978021978021882
1648751535.925413,0.009727626459143934,-0.015873015873012264,0.001978021978021882
1648751535.946263,0.009727626459143934,-0.11111111111111427,0.001978021978021882
1648751535.967163,0.009727626459143934,0.07936507936507553,0.001978021978021882
1648751535.987998,0.009346150911726525,-0.047619047619051,0.0006593406593404794
1648751536.008767,0.009346150911726525,-0.047619047619051,0.0006593406593404794
1648751536.029755,0.009346150911726525,-0.047619047619051,0.0006593406593404794
1648751536.050636,0.009346150911726525,-0.015873015873012264,0.0006593406593404794
1648751536.071626,0.009346150911726525,0.015873015873012264,0.0006593406593404794
1648751536.0925,0.008964675364309116,-0.047619047619051,0.0006593406593404794
