Timestamp,POS,VEL,Torq
1648751405.802267,3.1031128404669257,-0.015873015873012264,-0.0006593406593404794
1648751405.823312,3.071831845578698,-2.5238095238095255,-0.01648351648351687
1648751405.844052,3.024147402151522,-1.5396825396825378,0.011208791208791258
1648751405.865146,3.005455100328069,0.20634920634920206,0.003296703296703285
1648751405.886067,2.9890516517891204,-1.2222222222222214,-0.01384615384615362
1648751405.906954,2.9249637598229956,-3.2857142857142847,0.021758241758241592
1648751405.927946,2.8913939116502636,1.3174603174603163,0.030989010989010968
1648751405.948821,2.9032196536202033,-0.6507936507936449,-0.01648351648351687
1648751405.969695,2.8372243839169915,-3.857142857142854,0.005934065934066091
1648751405.990724,2.803273060196842,1.3174603174603163,0.036263736263736135
1648751406.011428,2.8109025711451903,-0.047619047619051,-0.008571428571428452
1648751406.032313,2.7597848477912574,-3.095238095238095,0.003296703296703285
1648751406.053311,2.723926146334019,1.4444444444444429,0.023076923076922995
1648751406.07389,2.7262149996185236,-0.904761904761898,-0.009890109890109855
1648751406.094514,2.690356298161287,-2.650793650793652,0.003296703296703285
1648751406.115012,2.6461051346608677,0.49206349206349387,0.016483516483516425
1648751406.135637,2.653734645609216,0.07936507936507553,-0.01912087912087923
1648751406.156137,2.6190203707942317,-2.9682539682539684,-0.01384615384615362
1648751406.176762,2.556076905470359,-1.2222222222222214,0.027032967032967203
1648751406.197699,2.5629434653238725,-0.015873015873012264,0.0006593406593404794
1648751406.218689,2.5415808346684976,-1.1269841269841265,-0.01384615384615362
1648751406.239579,2.51029983978027,-1.4761904761904745,-0.004615384615384688
1648751406.260453,2.4866483558403907,0.3333333333333286,-0.008571428571428452
1648751406.281328,2.4820706492713818,-0.6825396825396837,-0.03494505494505473
1648751406.302312,2.4446860456244757,-2.650793650793652,-0.021758241758241592
1648751406.323063,2.400434882124056,0.015873015873012264,0.005934065934066091
1648751406.343955,2.403105210955978,0.26984126984126533,-0.02307692307692344
1648751406.364952,2.369535362783246,-2.6190476190476204,-0.02703296703296676
1648751406.385857,2.3203250171664003,-1.095238095238095,0.015164835164835022
1648751406.40677,2.319180590524148,0.20634920634920206,0.0006593406593404794
1648751406.427266,2.2993438620584428,-1.4761904761904745,-0.011208791208791258
1648751406.447987,2.2543297474631885,-2.238095238095241,0.005934065934066091
1648751406.468729,2.238689250019073,0.8730158730158735,0.011208791208791258
1648751406.489534,2.231441214618142,-1.4126984126984112,-0.004615384615384688
1648751406.510566,2.1814679179064616,-1.7936507936507908,0.01912087912087923
1648751406.531477,2.172693980315861,0.8412698412698347,0.011208791208791258
1648751406.552346,2.1543831540398255,-1.5079365079365061,0.003296703296703285
1648751406.573227,2.1219577325093457,0.11111111111111427,0.015164835164835022
1648751406.59406,2.1219577325093457,0.07936507936507553,-0.009890109890109855
1648751406.615063,2.088769359884031,-2.746031746031747,-0.004615384615384688
1648751406.635979,2.0498588540474554,0.2380952380952408,0.028351648351648162
1648751406.656816,2.055199511711299,-0.015873015873012264,-0.003296703296703285
1648751406.677666,2.026207370107576,-2.2698412698412724,-0.004615384615384688
1648751406.698602,2.001792935072862,0.11111111111111427,0.01252747252747266
1648751406.71944,2.0014114595254444,-0.39682539682539186,-0.009890109890109855
1648751406.740311,1.959067673762112,-1.8888888888888857,0.0006593406593404794
1648751406.761192,1.9522011139085986,0.7142857142857082,0.0006593406593404794
1648751406.782062,1.9522011139085986,-0.6190476190476204,-0.0257142857142858
1648751406.802942,1.9010833905546658,-2.6190476190476204,-0.008571428571428452
1648751406.823832,1.893835355153735,1.3809523809523796,0.0006593406593404794
1648751406.844818,1.8972686350804917,-0.49206349206349387,-0.03626373626373658
1648751406.865647,1.8495841916533156,-2.841269841269842,-0.01648351648351687
1648751406.886695,1.838902876325628,1.3809523809523796,-0.001978021978021882
1648751406.907695,1.8476768139162285,-0.17460317460317754,-0.04021978021978034
1648751406.928532,1.8003738460364698,-3.0,-0.01648351648351687
1648751406.949448,1.784733348592356,1.8888888888888857,-0.003296703296703285
1648751406.970447,1.7908369573510345,-0.30158730158730407,-0.04417582417582411
1648751406.991327,1.7523079270618762,-2.5238095238095255,-0.015164835164835022
1648751407.01232,1.7317082475013343,1.2222222222222285,-0.004615384615384688
1648751407.033073,1.7347600518806736,-0.11111111111111427,-0.03362637362637333
1648751407.053968,1.7114900434882117,-0.8412698412698347,-0.030989010989010968
1648751407.074954,1.6817349507896537,-1.6349206349206327,-0.015164835164835022
1648751407.095829,1.6702906843671315,0.8730158730158735,-0.009890109890109855
1648751407.116735,1.6714351110093837,-0.6507936507936449,-0.03758241758241754
1648751407.137608,1.6332875562676428,-2.4603174603174622,-0.01384615384615362
1648751407.158483,1.5966659037155715,0.49206349206349387,0.013846153846154063
1648751407.179445,1.6103990234225982,0.6190476190476204,-0.015164835164835022
1648751407.200322,1.584077210650797,-2.1746031746031775,-0.007252747252747049
1648751407.22121,1.5417334248874646,-0.2380952380952408,0.023076923076922995
1648751407.242095,1.5508888380254824,1.095238095238102,-0.001978021978021882
1648751407.263208,1.537537193865873,-1.7301587301587276,-0.007252747252747049
1648751407.284108,1.4951934081025406,-0.8730158730158735,0.021758241758241592
1648751407.304956,1.5051117723353933,1.0634920634920633,0.005934065934066091
1648751407.325826,1.4894712748912795,-1.5396825396825378,-0.005934065934066091
1648751407.346714,1.4543755245288779,-1.349206349206348,0.020439560439560633
1648751407.367588,1.4501792935072864,0.46031746031745513,0.015164835164835022
1648751407.388577,1.443312733653773,-0.6507936507936449,-0.004615384615384688
1648751407.409345,1.4341573205157552,0.39682539682539186,-0.007252747252747049
1648751407.430364,1.4269092851148244,-1.1587301587301582,-0.015164835164835022
1648751407.451032,1.3838025482566572,-2.1746031746031775,0.008571428571428452
1648751407.471993,1.386472877088579,1.6349206349206327,0.005934065934066091
1648751407.492707,1.3822766460669875,-1.3809523809523796,-0.01912087912087923
1648751407.513702,1.3391699092088203,-1.2857142857142847,0.020439560439560633
1648751407.534576,1.342603189135577,0.6190476190476204,0.009890109890109855
1648751407.555451,1.3319218738078895,-1.2857142857142847,-0.004615384615384688
1648751407.576339,1.3197146562905324,0.8730158730158735,-0.0006593406593404794
1648751407.597216,1.3166628519111931,-0.36507936507936734,-0.017802197802197828
1648751407.618092,1.2907225146868093,-1.6349206349206327,-0.001978021978021882
1648751407.638952,1.268978408484017,1.095238095238102,0.008571428571428452
1648751407.659964,1.2762264438849478,-0.30158730158730407,-0.01648351648351687
1648751407.68084,1.2533379110399032,-0.8730158730158735,-0.004615384615384688
1648751407.701708,1.2510490577553988,0.49206349206349387,-0.01252747252747266
1648751407.722717,1.2373159380483703,-1.4761904761904745,-0.01252747252747266
1648751407.743593,1.2056534676127253,-0.047619047619051,0.007252747252747049
1648751407.764486,1.2136644541084909,-0.39682539682539186,-0.01384615384615362
1648751407.785346,1.2014572365911338,-0.7777777777777715,-0.01648351648351687
1648751407.806213,1.1999313344014642,0.11111111111111427,-0.02703296703296676
1648751407.827091,1.1835278858625156,-1.6666666666666643,-0.02043956043956019
1648751407.847993,1.143854428931105,-0.4285714285714306,0.007252747252747049
1648751407.868868,1.162546730754558,0.5238095238095184,-0.01648351648351687
1648751407.889719,1.1423285267414354,-1.7619047619047592,-0.02043956043956019
1648751407.910723,1.123254749370565,0.11111111111111427,-0.003296703296703285
1648751407.931619,1.123254749370565,-0.1428571428571388,-0.015164835164835022
1648751407.95249,1.1087586785687034,-1.0,-0.017802197802197828
1648751407.973367,1.0961699855039289,0.8730158730158735,-0.008571428571428452
1648751407.994211,1.093499656672007,-0.36507936507936734,-0.024395604395604398
1648751408.015091,1.0923552300297548,0.015873015873012264,-0.03362637362637333
1648751408.035992,1.0790035858701454,-0.9682539682539613,-0.03494505494505473
1648751408.056832,1.0500114442664223,-1.349206349206348,-0.01384615384615362
1648751408.077679,1.041237506675822,0.5873015873015817,-0.007252747252747049
1648751408.098709,1.0427634088654916,-0.5555555555555571,-0.0257142857142858
1648751408.119619,1.0309376668955519,-0.015873015873012264,-0.0257142857142858
1648751408.140471,1.032845044632639,-0.047619047619051,-0.04021978021978034
1648751408.161333,1.015297169451438,-1.2222222222222214,-0.03230769230769237
1648751408.182121,0.9855420767528802,-1.5396825396825378,-0.011208791208791258
1648751408.203082,0.9832532234683757,0.5238095238095184,-0.005934065934066091
1648751408.223958,0.9763866636148624,-0.6190476190476204,-0.02043956043956019
1648751408.244834,0.971427481498436,-0.17460317460317754,-0.02307692307692344
1648751408.26567,0.9664682993820097,0.07936507936507553,-0.030989010989010968
1648751408.286586,0.9618905928130008,-0.6825396825396837,-0.03494505494505473
1648751408.307501,0.9279392690928514,-2.301587301587304,-0.011208791208791258
1648751408.328346,0.9111543450064854,1.3809523809523796,0.007252747252747049
1648751408.349224,0.9218356603341729,-0.49206349206349387,-0.017802197802197828
1648751408.370127,0.8978027008468761,-0.39682539682539186,-0.001978021978021882
1648751408.391085,0.8909361409933627,-0.17460317460317754,-0.0006593406593404794
1648751408.411973,0.8894102388036931,-0.047619047619051,-0.011208791208791258
1648751408.432875,0.8745326924544141,-1.4126984126984112,-0.004615384615384688
1648751408.453719,0.853933012893874,0.5873015873015817,0.009890109890109855
1648751408.474746,0.8634699015793093,-0.30158730158730407,-0.009890109890109855
1648751408.495468,0.8485923552300303,-0.49206349206349387,-0.007252747252747049
1648751408.516339,0.8344777599755862,-0.8730158730158735,0.007252747252747049
1648751408.537338,0.8196002136263072,-0.17460317460317754,0.013846153846154063
1648751408.558093,0.8176928358892201,-0.36507936507936734,0.007252747252747049
1648751408.579099,0.8093003738460371,-0.047619047619051,0.004615384615384688
1648751408.599975,0.8043411917296108,-0.1428571428571388,-0.001978021978021882
1648751408.620844,0.8039597161821934,-0.1428571428571388,-0.008571428571428452
1648751408.641725,0.7955672541390104,-0.7777777777777715,-0.009890109890109855
1648751408.662714,0.7787823300526444,-0.8730158730158735,0.004615384615384688
1648751408.683457,0.7619974059662784,-0.17460317460317754,0.013846153846154063
1648751408.704374,0.7578011749446869,-0.047619047619051,0.01252747252747266
1648751408.725971,0.7558937972075999,-0.015873015873012264,0.004615384615384688
1648751408.747,0.7482642862592499,-0.6190476190476204,0.0006593406593404794
1648751408.767853,0.7475013351644151,0.015873015873012264,-0.005934065934066091
1648751408.788727,0.743686579690241,0.015873015873012264,-0.01252747252747266
1648751408.809596,0.7368200198367276,-0.7460317460317469,-0.015164835164835022
1648751408.830463,0.7196536202029442,-1.0317460317460316,0.001978021978021882
1648751408.851464,0.7047760738536653,0.07936507936507553,0.009890109890109855
1648751408.872339,0.7074464026855871,-0.11111111111111427,0.0006593406593404794
1648751408.893254,0.6940947585259778,-0.4285714285714306,0.001978021978021882
1648751408.914128,0.6910429541466385,0.3333333333333286,0.004615384615384688
1648751408.934959,0.6891355764095515,0.11111111111111427,-0.003296703296703285
1648751408.955969,0.6876096742198818,-0.1428571428571388,-0.01252747252747266
1648751408.976733,0.6807431143663685,-0.6507936507936449,-0.01252747252747266
1648751408.997715,0.6666285191119243,-0.11111111111111427,-0.004615384615384688
1648751409.018753,0.6662470435645069,0.015873015873012264,-0.011208791208791258
1648751409.039468,0.6506065461203931,-1.1587301587301582,0.0006593406593404794
1648751409.060341,0.6334401464866097,0.26984126984126533,0.013846153846154063
1648751409.081341,0.6410696574349579,-0.17460317460317754,0.0006593406593404794
1648751409.102253,0.6288624399176008,-0.015873015873012264,-0.001978021978021882
1648751409.123092,0.6311512932021053,0.07936507936507553,-0.005934065934066091
1648751409.144004,0.6292439154650182,0.20634920634920206,-0.01252747252747266
1648751409.164881,0.6265735866330964,-0.047619047619051,-0.01912087912087923
1648751409.185729,0.6166552224002437,-0.047619047619051,-0.01648351648351687
1648751409.206609,0.6105516136415652,-0.36507936507936734,-0.01384615384615362
1648751409.227594,0.5891889829861903,-1.2857142857142847,0.001978021978021882
1648751409.248505,0.5827038986800943,0.39682539682539186,0.011208791208791258
1648751409.269346,0.5815594720378421,-0.11111111111111427,0.001978021978021882
1648751409.290227,0.5811779964904247,0.1428571428571388,-0.001978021978021882
1648751409.311093,0.575837338826581,-0.2380952380952408,-0.005934065934066091
1648751409.331961,0.5720225833524069,0.11111111111111427,-0.005934065934066091
1648751409.352857,0.5708781567101546,-0.1428571428571388,-0.01384615384615362
1648751409.373719,0.5689707789730676,0.015873015873012264,-0.02043956043956019
1648751409.394719,0.5601968413824672,-0.6507936507936449,-0.02043956043956019
1648751409.415633,0.5495155260547797,0.11111111111111427,-0.011208791208791258
1648751409.436471,0.5506599526970319,-0.015873015873012264,-0.017802197802197828
1648751409.457352,0.5369268329900052,-0.9682539682539613,-0.009890109890109855
1648751409.478383,0.5197604333562218,0.3333333333333286,0.007252747252747049
1648751409.499229,0.5247196154726481,-0.2380952380952408,-0.003296703296703285
1648751409.520109,0.5182345311665522,0.11111111111111427,-0.001978021978021882
1648751409.540985,0.518997482261387,-0.1428571428571388,-0.009890109890109855
1648751409.561846,0.5136568245975432,0.20634920634920206,-0.009890109890109855
1648751409.582862,0.5136568245975432,-0.047619047619051,-0.015164835164835022
1648751409.603737,0.512512397955291,0.015873015873012264,-0.021758241758241592
1648751409.624636,0.5102235446707866,-0.015873015873012264,-0.028351648351648162
1648751409.64551,0.5010681315327687,-0.6190476190476204,-0.0257142857142858
1648751409.666385,0.4919127183947509,0.1428571428571388,-0.017802197802197828
1648751409.68735,0.49267566948958574,0.07936507936507553,-0.021758241758241592
1648751409.708112,0.4819943541618983,-1.0317460317460316,-0.015164835164835022
1648751409.729096,0.462157625696193,0.07936507936507553,0.0006593406593404794
1648751409.75002,0.4663538567177845,-0.2380952380952408,-0.005934065934066091
1648751409.770852,0.4648279545281149,0.20634920634920206,-0.007252747252747049
1648751409.791732,0.4625391012436104,-0.047619047619051,-0.015164835164835022
1648751409.812726,0.462157625696193,-0.1428571428571388,-0.01912087912087923
1648751409.833598,0.45376516365301,-0.26984126984126533,-0.01912087912087923
1648751409.854482,0.45490959029526223,-0.047619047619051,-0.02043956043956019
1648751409.875363,0.4533836881055926,0.11111111111111427,-0.0257142857142858
1648751409.896354,0.45185778591592296,-0.1428571428571388,-0.02967032967033001
1648751409.917117,0.445372701609827,-0.7460317460317469,-0.02967032967033001
1648751409.938107,0.43545433737697437,-0.17460317460317754,-0.021758241758241592
1648751409.958989,0.43545433737697437,0.11111111111111427,-0.024395604395604398
1648751409.979863,0.4335469596398873,-0.015873015873012264,-0.028351648351648162
1648751410.000721,0.4278248264286262,-0.904761904761898,-0.021758241758241592
1648751410.021616,0.403410391393912,-0.6825396825396837,-0.007252747252747049
1648751410.042727,0.40989547570000795,-0.17460317460317754,-0.009890109890109855
1648751410.063468,0.403410391393912,0.11111111111111427,-0.009890109890109855
1648751410.08439,0.40493629358358163,-0.1428571428571388,-0.01648351648351687
1648751410.105256,0.4026474402990772,0.07936507936507553,-0.01912087912087923
1648751410.126114,0.3988326848249031,-0.5238095238095184,-0.01912087912087923
1648751410.146991,0.39730678263523345,-0.015873015873012264,-0.02043956043956019
1648751410.167977,0.39654383154039863,0.07936507936507553,-0.02703296703296676
1648751410.188869,0.3957808804455638,0.015873015873012264,-0.030989010989010968
1648751410.20973,0.395017929350729,-0.015873015873012264,-0.03626373626373658
1648751410.230728,0.39349202716105935,-0.11111111111111427,-0.03890109890109894
1648751410.251486,0.38548104066529376,-0.6507936507936449,-0.03626373626373658
1648751410.272346,0.38052185854886744,-0.1428571428571388,-0.030989010989010968
1648751410.293355,0.3740367742427715,-0.1428571428571388,-0.028351648351648162
1648751410.314264,0.3736552986953541,-0.17460317460317754,-0.030989010989010968
1648751410.334994,0.3622110322728318,-0.904761904761898,-0.021758241758241592
1648751410.355977,0.34733348592355284,0.39682539682539186,-0.005934065934066091
1648751410.376869,0.34847791256580507,-0.047619047619051,-0.011208791208791258
1648751410.397763,0.34847791256580507,-0.047619047619051,-0.01252747252747266
1648751410.41873,0.34771496147097025,-0.047619047619051,-0.017802197802197828
1648751410.439517,0.346570534828718,0.015873015873012264,-0.021758241758241592
1648751410.460483,0.3454261081864658,-0.1428571428571388,-0.0257142857142858
1648751410.481356,0.34275577935454393,-0.2380952380952408,-0.02703296703296676
1648751410.502242,0.338178072785535,0.26984126984126533,-0.02307692307692344
1648751410.523112,0.3377965972381176,-0.015873015873012264,-0.028351648351648162
1648751410.543989,0.3374151216907002,-0.015873015873012264,-0.030989010989010968
1648751410.564871,0.336270695048448,0.015873015873012264,-0.03626373626373658
1648751410.585744,0.33474479285877834,-0.11111111111111427,-0.03890109890109894
1648751410.606746,0.3290226596475172,-0.5555555555555571,-0.03494505494505473
1648751410.627646,0.3244449530785083,0.1428571428571388,-0.03230769230769237
1648751410.648475,0.3244449530785083,-0.11111111111111427,-0.03626373626373658
1648751410.66952,0.3160524910353253,-0.30158730158730407,-0.030989010989010968
1648751410.690516,0.3042267490653856,-0.36507936507936734,-0.017802197802197828
1648751410.711364,0.29736018921187224,0.26984126984126533,-0.009890109890109855
1648751410.732356,0.29774166475928965,0.015873015873012264,-0.015164835164835022
1648751410.753113,0.29697871366445483,-0.015873015873012264,-0.017802197802197828
1648751410.774112,0.2950713359273678,-0.26984126984126533,-0.017802197802197828
1648751410.794997,0.28171969176775846,-0.5238095238095184,-0.007252747252747049
1648751410.815873,0.2832455939574281,-0.11111111111111427,-0.008571428571428452
1648751410.836773,0.28210116731517587,-0.015873015873012264,-0.011208791208791258
1648751410.857767,0.28133821622034105,0.015873015873012264,-0.015164835164835022
1648751410.878642,0.28095674067292364,0.1428571428571388,-0.01912087912087923
1648751410.899514,0.2801937895780888,-0.015873015873012264,-0.021758241758241592
1648751410.920397,0.2798123140306714,-0.015873015873012264,-0.0257142857142858
1648751410.941362,0.2790493629358366,0.015873015873012264,-0.028351648351648162
1648751410.962109,0.2786678873884192,-0.015873015873012264,-0.030989010989010968
1648751410.98299,0.27676050965133214,-0.11111111111111427,-0.03230769230769237
1648751411.003875,0.26836804760814914,-0.2380952380952408,-0.02703296703296676
1648751411.024734,0.2698939497978188,-0.015873015873012264,-0.028351648351648162
1648751411.045736,0.26874952315556655,0.015873015873012264,-0.030989010989010968
1648751411.066651,0.26798657206073173,-0.047619047619051,-0.03494505494505473
1648751411.087526,0.2668421454184795,-0.11111111111111427,-0.03626373626373658
1648751411.108402,0.254253452353705,-1.095238095238095,-0.02043956043956019
1648751411.129364,0.23060196841382385,-0.6825396825396837,0.003296703296703285
1648751411.15015,0.23517967498283276,-0.11111111111111427,0.001978021978021882
1648751411.171115,0.2325093461509109,-0.015873015873012264,0.001978021978021882
1648751411.191878,0.2321278706034935,-0.11111111111111427,-0.001978021978021882
1648751411.212876,0.23174639505607608,0.015873015873012264,-0.004615384615384688
1648751411.233736,0.23098344396124126,-0.047619047619051,-0.007252747252747049
1648751411.254752,0.23060196841382385,0.015873015873012264,-0.009890109890109855
1648751411.275498,0.22945754177157163,-0.015873015873012264,-0.011208791208791258
1648751411.296501,0.22716868848706717,-0.2380952380952408,-0.011208791208791258
1648751411.317404,0.22144655527580603,0.36507936507936734,-0.007252747252747049
1648751411.338279,0.22182803082322344,-0.015873015873012264,-0.009890109890109855
1648751411.359275,0.22144655527580603,-0.015873015873012264,-0.01252747252747266
1648751411.380128,0.22106507972838862,-0.015873015873012264,-0.015164835164835022
1648751411.400953,0.22068360418097122,-0.015873015873012264,-0.017802197802197828
1648751411.421443,0.2199206530861364,0.07936507936507553,-0.02043956043956019
1648751411.442067,0.21839475089646676,-0.047619047619051,-0.02043956043956019
1648751411.463002,0.21076523994811858,-0.26984126984126533,-0.015164835164835022
1648751411.483862,0.2119096665903708,-0.047619047619051,-0.01648351648351687
1648751411.504759,0.21038376440070117,0.07936507936507553,-0.01912087912087923
1648751411.52574,0.21000228885328376,-0.047619047619051,-0.02043956043956019
1648751411.546743,0.20885786221103153,-0.11111111111111427,-0.02043956043956019
1648751411.567498,0.1989394979781789,-0.5238095238095184,-0.011208791208791258
1648751411.588406,0.18787670710307403,-0.17460317460317754,0.003296703296703285
1648751411.609366,0.18482490272373475,0.015873015873012264,0.005934065934066091
1648751411.630111,0.18444342717631734,-0.047619047619051,0.003296703296703285
1648751411.65099,0.18406195162889993,0.015873015873012264,0.0006593406593404794
1648751411.671905,0.18368047608148252,-0.015873015873012264,-0.0006593406593404794
1648751411.692758,0.1829175249866477,-0.11111111111111427,-0.003296703296703285
1648751411.713746,0.1821545738918129,-0.047619047619051,-0.004615384615384688
1648751411.734626,0.18139162279697807,-0.047619047619051,-0.005934065934066091
1648751411.755507,0.17948424505989102,-0.1428571428571388,-0.005934065934066091
1648751411.776406,0.1699473563744558,-0.1428571428571388,0.001978021978021882
1648751411.797366,0.17299916075379507,0.07936507936507553,0.0006593406593404794
1648751411.818133,0.17109178301670802,-0.015873015873012264,-0.001978021978021882
1648751411.839136,0.17109178301670802,-0.047619047619051,-0.003296703296703285
1648751411.859994,0.1665140764476991,-0.39682539682539186,-0.0006593406593404794
1648751411.880997,0.1661326009002817,0.015873015873012264,-0.0006593406593404794
1648751411.901913,0.1657511253528643,-0.015873015873012264,-0.001978021978021882
1648751411.922744,0.16536964980544688,0.015873015873012264,-0.004615384615384688
1648751411.943746,0.16498817425802947,0.015873015873012264,-0.007252747252747049
1648751411.964619,0.16460669871061206,-0.015873015873012264,-0.008571428571428452
1648751411.985506,0.16422522316319466,-0.047619047619051,-0.011208791208791258
1648751412.006369,0.16384374761577725,0.015873015873012264,-0.01252747252747266
1648751412.027372,0.16346227206835984,0.07936507936507553,-0.01384615384615362
1648751412.048246,0.16308079652094243,-0.11111111111111427,-0.01648351648351687
1648751412.069121,0.16269932097352502,-0.047619047619051,-0.017802197802197828
1648751412.089738,0.16117341878385538,-0.11111111111111427,-0.017802197802197828
1648751412.110747,0.15430685893034202,-0.6825396825396837,-0.01252747252747266
1648751412.131663,0.15430685893034202,0.26984126984126533,-0.011208791208791258
1648751412.152505,0.1531624322880898,0.015873015873012264,-0.01252747252747266
1648751412.17341,0.1531624322880898,-0.047619047619051,-0.015164835164835022
1648751412.194371,0.1531624322880898,0.015873015873012264,-0.01648351648351687
1648751412.215276,0.15201800564583756,-0.047619047619051,-0.01648351648351687
1648751412.23616,0.14820325017166347,-0.6190476190476204,-0.01252747252747266
1648751412.257038,0.1283665217059582,-1.0317460317460316,0.011208791208791258
1648751412.277829,0.12798504615854078,0.11111111111111427,0.015164835164835022
1648751412.298887,0.12684061951628856,-0.047619047619051,0.01252747252747266
1648751412.319787,0.12645914396887115,-0.015873015873012264,0.009890109890109855
1648751412.340747,0.12645914396887115,0.015873015873012264,0.008571428571428452
1648751412.361538,0.12607766842145374,-0.047619047619051,0.007252747252747049
1648751412.382507,0.12569619287403633,0.015873015873012264,0.005934065934066091
1648751412.403392,0.12531471732661892,-0.047619047619051,0.004615384615384688
1648751412.424414,0.12493324177920151,-0.11111111111111427,0.003296703296703285
1648751412.445136,0.12493324177920151,-0.015873015873012264,0.0006593406593404794
1648751412.465824,0.12417029068436669,-0.015873015873012264,0.0006593406593404794
1648751412.486888,0.12340733958953187,-0.015873015873012264,-0.0006593406593404794
1648751412.507749,0.12226291294727964,-0.11111111111111427,-0.0006593406593404794
1648751412.528752,0.11425192645151405,0.07936507936507553,0.007252747252747049
1648751412.549639,0.1161593041886011,0.07936507936507553,0.004615384615384688
1648751412.570494,0.11577782864118369,-0.11111111111111427,0.003296703296703285
1648751412.591388,0.11577782864118369,0.015873015873012264,0.001978021978021882
1648751412.612392,0.11539635309376628,-0.015873015873012264,0.0006593406593404794
1648751412.633265,0.11539635309376628,-0.015873015873012264,-0.0006593406593404794
1648751412.654146,0.11501487754634887,0.015873015873012264,-0.001978021978021882
1648751412.675017,0.11463340199893146,-0.015873015873012264,-0.003296703296703285
1648751412.696003,0.11425192645151405,-0.047619047619051,-0.004615384615384688
1648751412.716766,0.11310749980926182,-0.015873015873012264,-0.004615384615384688
1648751412.737752,0.1119630731670096,-0.1428571428571388,-0.003296703296703285
1648751412.758664,0.10662241550316587,0.2380952380952408,0.0006593406593404794
1648751412.779512,0.10700389105058328,-0.015873015873012264,0.0006593406593404794
1648751412.800397,0.10700389105058328,0.015873015873012264,-0.001978021978021882
1648751412.821379,0.10662241550316587,0.015873015873012264,-0.003296703296703285
1648751412.842167,0.10662241550316587,0.015873015873012264,-0.004615384615384688
1648751412.863042,0.10624093995574846,-0.015873015873012264,-0.005934065934066091
1648751412.883888,0.10624093995574846,-0.015873015873012264,-0.005934065934066091
1648751412.904768,0.10585946440833105,-0.015873015873012264,-0.008571428571428452
1648751412.925751,0.10585946440833105,-0.015873015873012264,-0.009890109890109855
1648751412.946644,0.10547798886091364,-0.11111111111111427,-0.009890109890109855
1648751412.967543,0.10547798886091364,-0.047619047619051,-0.011208791208791258
1648751412.988382,0.10509651331349623,-0.015873015873012264,-0.01252747252747266
1648751413.009379,0.10471503776607882,-0.015873015873012264,-0.01384615384615362
1648751413.030162,0.10433356221866141,-0.047619047619051,-0.015164835164835022
1648751413.051043,0.103952086671244,-0.047619047619051,-0.015164835164835022
1648751413.07188,0.10242618448157437,-0.11111111111111427,-0.015164835164835022
1648751413.092765,0.09479667353322618,-0.1428571428571388,-0.007252747252747049
1648751413.113756,0.09670405127031323,-0.047619047619051,-0.008571428571428452
1648751413.134669,0.09594110017547841,0.015873015873012264,-0.008571428571428452
1648751413.15552,0.09594110017547841,-0.047619047619051,-0.009890109890109855
1648751413.176421,0.095559624628061,-0.015873015873012264,-0.011208791208791258
1648751413.197385,0.095559624628061,-0.015873015873012264,-0.01252747252747266
1648751413.218297,0.09517814908064359,-0.015873015873012264,-0.01252747252747266
1648751413.239136,0.09441519798580877,-0.015873015873012264,-0.01384615384615362
1648751413.260011,0.09403372243839137,-0.015873015873012264,-0.01384615384615362
1648751413.280924,0.09174486915388691,-0.36507936507936734,-0.011208791208791258
1648751413.301802,0.07801174944686018,-0.904761904761898,0.008571428571428452
1648751413.32265,0.07267109178301645,0.07936507936507553,0.01252747252747266
1648751413.343635,0.07724879835202536,-0.11111111111111427,0.007252747252747049
1648751413.364522,0.07648584725719054,0.07936507936507553,0.005934065934066091
1648751413.385397,0.07648584725719054,-0.047619047619051,0.004615384615384688
1648751413.406273,0.07648584725719054,-0.047619047619051,0.003296703296703285
1648751413.427173,0.07610437170977313,-0.015873015873012264,0.003296703296703285
1648751413.44814,0.07610437170977313,0.07936507936507553,0.001978021978021882
1648751413.46901,0.07572289616235572,0.015873015873012264,0.0006593406593404794
1648751413.489845,0.07534142061493831,0.015873015873012264,0.0006593406593404794
1648751413.510772,0.0745784695201035,-0.047619047619051,0.0006593406593404794
1648751413.53164,0.07000076295109459,-0.7460317460317469,0.005934065934066091
1648751413.552509,0.06580453192950309,0.20634920634920206,0.009890109890109855
1648751413.573392,0.0665674830243379,-0.047619047619051,0.007252747252747049
1648751413.594271,0.06694895857175531,-0.11111111111111427,0.007252747252747049
1648751413.615262,0.06694895857175531,-0.015873015873012264,0.007252747252747049
1648751413.636139,0.0665674830243379,-0.015873015873012264,0.005934065934066091
1648751413.65705,0.0665674830243379,0.015873015873012264,0.004615384615384688
1648751413.677727,0.0661860074769205,-0.047619047619051,0.004615384615384688
1648751413.698909,0.0661860074769205,-0.015873015873012264,0.003296703296703285
1648751413.719763,0.06542305638208568,-0.11111111111111427,0.001978021978021882
1648751413.740653,0.06542305638208568,-0.047619047619051,0.003296703296703285
1648751413.761512,0.06427862973983345,-0.047619047619051,0.003296703296703285
1648751413.782408,0.05741206988632008,-0.11111111111111427,0.008571428571428452
1648751413.803279,0.05893797207598972,-0.11111111111111427,0.008571428571428452
1648751413.824181,0.05855649652857231,0.015873015873012264,0.008571428571428452
1648751413.84502,0.05855649652857231,-0.015873015873012264,0.007252747252747049
1648751413.86601,0.0581750209811549,-0.047619047619051,0.007252747252747049
1648751413.886887,0.0581750209811549,-0.015873015873012264,0.005934065934066091
1648751413.907798,0.0581750209811549,-0.11111111111111427,0.005934065934066091
1648751413.928765,0.05779354543373749,-0.11111111111111427,0.003296703296703285
1648751413.949509,0.05779354543373749,0.015873015873012264,0.003296703296703285
1648751413.970517,0.05779354543373749,0.015873015873012264,0.003296703296703285
1648751413.991406,0.05741206988632008,-0.11111111111111427,0.003296703296703285
1648751414.012392,0.05741206988632008,-0.015873015873012264,0.001978021978021882
1648751414.03314,0.056649118791485265,-0.015873015873012264,0.0006593406593404794
1648751414.05403,0.056649118791485265,-0.015873015873012264,0.001978021978021882
1648751414.075032,0.056267643244067855,-0.11111111111111427,0.0006593406593404794
1648751414.095926,0.056267643244067855,-0.015873015873012264,0.0006593406593404794
1648751414.116776,0.05512321660181563,-0.1428571428571388,0.0006593406593404794
1648751414.137654,0.05054551003280672,-0.2380952380952408,0.004615384615384688
1648751414.158644,0.05092698558022413,-0.015873015873012264,0.005934065934066091
1648751414.179557,0.05092698558022413,0.015873015873012264,0.005934065934066091
1648751414.200432,0.05054551003280672,0.015873015873012264,0.004615384615384688
1648751414.221308,0.05054551003280672,-0.047619047619051,0.003296703296703285
1648751414.242143,0.05054551003280672,-0.047619047619051,0.001978021978021882
1648751414.263023,0.05054551003280672,-0.015873015873012264,0.001978021978021882
1648751414.283897,0.05016403448538931,-0.015873015873012264,0.0006593406593404794
1648751414.304779,0.05016403448538931,0.015873015873012264,-0.0006593406593404794
1648751414.325768,0.05016403448538931,0.015873015873012264,0.0006593406593404794
1648751414.346644,0.05016403448538931,-0.015873015873012264,-0.0006593406593404794
1648751414.367534,0.0497825589379719,-0.015873015873012264,-0.0006593406593404794
1648751414.38841,0.0497825589379719,-0.047619047619051,-0.001978021978021882
1648751414.409277,0.0497825589379719,-0.015873015873012264,-0.003296703296703285
1648751414.430189,0.0497825589379719,0.015873015873012264,-0.003296703296703285
1648751414.451014,0.0497825589379719,0.07936507936507553,-0.003296703296703285
1648751414.471872,0.04940108339055449,-0.015873015873012264,-0.004615384615384688
1648751414.49281,0.04940108339055449,-0.047619047619051,-0.004615384615384688
1648751414.513772,0.04940108339055449,-0.015873015873012264,-0.005934065934066091
1648751414.534773,0.04901960784313708,-0.015873015873012264,-0.005934065934066091
1648751414.555561,0.04901960784313708,-0.015873015873012264,-0.005934065934066091
1648751414.576434,0.04901960784313708,0.07936507936507553,-0.007252747252747049
1648751414.597397,0.04901960784313708,-0.015873015873012264,-0.008571428571428452
1648751414.618143,0.04901960784313708,-0.015873015873012264,-0.008571428571428452
1648751414.639028,0.04863813229571967,-0.015873015873012264,-0.008571428571428452
1648751414.660022,0.04863813229571967,0.015873015873012264,-0.008571428571428452
1648751414.680897,0.04863813229571967,-0.047619047619051,-0.008571428571428452
1648751414.701773,0.04825665674830226,-0.015873015873012264,-0.009890109890109855
1648751414.722788,0.04825665674830226,-0.015873015873012264,-0.011208791208791258
1648751414.743688,0.04787518120088485,-0.047619047619051,-0.011208791208791258
1648751414.764541,0.04787518120088485,-0.015873015873012264,-0.011208791208791258
1648751414.785409,0.04787518120088485,-0.047619047619051,-0.011208791208791258
1648751414.806399,0.04787518120088485,-0.047619047619051,-0.01252747252747266
1648751414.827155,0.047493705653467444,-0.015873015873012264,-0.01252747252747266
1648751414.848152,0.047493705653467444,-0.047619047619051,-0.01384615384615362
1648751414.869024,0.047493705653467444,0.015873015873012264,-0.01384615384615362
1648751414.889879,0.047493705653467444,-0.047619047619051,-0.01384615384615362
1648751414.910773,0.047112230106050035,-0.015873015873012264,-0.01384615384615362
1648751414.931689,0.047112230106050035,0.015873015873012264,-0.015164835164835022
1648751414.952539,0.047112230106050035,0.07936507936507553,-0.015164835164835022
1648751414.973409,0.046730754558632626,0.015873015873012264,-0.015164835164835022
1648751414.994401,0.046730754558632626,-0.1428571428571388,-0.015164835164835022
1648751415.015278,0.046349279011215216,-0.047619047619051,-0.01648351648351687
1648751415.036151,0.04596780346379781,-0.047619047619051,-0.01648351648351687
1648751415.057042,0.04520485236896299,-0.015873015873012264,-0.015164835164835022
1648751415.07792,0.03871976806286703,-0.30158730158730407,-0.008571428571428452
1648751415.098903,0.03986419470511926,0.015873015873012264,-0.007252747252747049
1648751415.119778,0.03948271915770185,0.015873015873012264,-0.008571428571428452
1648751415.140652,0.03910124361028444,0.015873015873012264,-0.008571428571428452
1648751415.161541,0.03910124361028444,0.015873015873012264,-0.008571428571428452
1648751415.182405,0.03910124361028444,-0.047619047619051,-0.009890109890109855
1648751415.203441,0.03910124361028444,0.07936507936507553,-0.009890109890109855
1648751415.22432,0.03910124361028444,0.015873015873012264,-0.009890109890109855
1648751415.245167,0.03910124361028444,-0.11111111111111427,-0.011208791208791258
1648751415.265997,0.03910124361028444,-0.047619047619051,-0.011208791208791258
1648751415.286899,0.03871976806286703,-0.047619047619051,-0.011208791208791258
1648751415.307787,0.03871976806286703,-0.047619047619051,-0.011208791208791258
1648751415.328779,0.03871976806286703,0.015873015873012264,-0.01252747252747266
1648751415.349658,0.03871976806286703,0.015873015873012264,-0.01252747252747266
1648751415.37053,0.03871976806286703,0.015873015873012264,-0.01252747252747266
1648751415.391419,0.03833829251544962,-0.047619047619051,-0.01384615384615362
1648751415.412418,0.03871976806286703,-0.015873015873012264,-0.01384615384615362
1648751415.433297,0.03833829251544962,0.015873015873012264,-0.01384615384615362
1648751415.454163,0.03833829251544962,-0.015873015873012264,-0.015164835164835022
1648751415.475069,0.03833829251544962,-0.047619047619051,-0.015164835164835022
1648751415.495913,0.03833829251544962,-0.015873015873012264,-0.015164835164835022
1648751415.516906,0.03833829251544962,0.015873015873012264,-0.015164835164835022
1648751415.537782,0.037956816968032214,0.015873015873012264,-0.01648351648351687
1648751415.558671,0.037956816968032214,-0.015873015873012264,-0.01648351648351687
1648751415.579546,0.037956816968032214,-0.11111111111111427,-0.01648351648351687
1648751415.600445,0.037956816968032214,0.015873015873012264,-0.01648351648351687
1648751415.621319,0.037575341420614805,-0.11111111111111427,-0.01648351648351687
1648751415.642167,0.037575341420614805,-0.047619047619051,-0.01648351648351687
1648751415.663047,0.037575341420614805,-0.015873015873012264,-0.017802197802197828
1648751415.68392,0.037193865873197396,0.015873015873012264,-0.017802197802197828
1648751415.704819,0.037193865873197396,-0.11111111111111427,-0.017802197802197828
1648751415.725785,0.037193865873197396,-0.015873015873012264,-0.017802197802197828
1648751415.746665,0.03681239032577999,-0.047619047619051,-0.017802197802197828
1648751415.767572,0.03643091477836258,-0.11111111111111427,-0.01912087912087923
1648751415.788402,0.03643091477836258,0.07936507936507553,-0.017802197802197828
1648751415.809448,0.03490501258869294,-0.17460317460317754,-0.01648351648351687
1648751415.830197,0.022697795071335847,-0.9682539682539613,0.001978021978021882
1648751415.851162,0.010490577553978753,0.07936507936507553,0.016483516483516425
1648751415.871993,0.012779430838483208,-0.11111111111111427,0.015164835164835022
1648751415.893074,0.012397955291065799,-0.015873015873012264,0.016483516483516425
1648751415.913941,0.01201647974364839,-0.015873015873012264,0.016483516483516425
1648751415.934825,0.01201647974364839,-0.015873015873012264,0.015164835164835022
1648751415.955787,0.012397955291065799,0.07936507936507553,0.015164835164835022
1648751415.976545,0.01201647974364839,-0.047619047619051,0.015164835164835022
1648751415.997539,0.01201647974364839,-0.015873015873012264,0.015164835164835022
1648751416.018573,0.01201647974364839,-0.047619047619051,0.013846153846154063
1648751416.039426,0.01201647974364839,-0.015873015873012264,0.013846153846154063
1648751416.060325,0.01201647974364839,-0.047619047619051,0.013846153846154063
1648751416.081121,0.01201647974364839,-0.047619047619051,0.013846153846154063
1648751416.102039,0.01163500419623098,-0.015873015873012264,0.013846153846154063
1648751416.123053,0.01163500419623098,0.015873015873012264,0.01252747252747266
1648751416.143926,0.01163500419623098,-0.047619047619051,0.01252747252747266
1648751416.164787,0.01163500419623098,-0.015873015873012264,0.01252747252747266
1648751416.185829,0.01163500419623098,-0.047619047619051,0.01252747252747266
1648751416.206678,0.01163500419623098,-0.015873015873012264,0.01252747252747266
1648751416.227554,0.011253528648813571,-0.047619047619051,0.01252747252747266
1648751416.248428,0.011253528648813571,-0.047619047619051,0.011208791208791258
1648751416.269329,0.011253528648813571,0.015873015873012264,0.011208791208791258
1648751416.290167,0.011253528648813571,0.015873015873012264,0.011208791208791258
1648751416.311078,0.011253528648813571,0.015873015873012264,0.011208791208791258
1648751416.331952,0.011253528648813571,0.015873015873012264,0.011208791208791258
1648751416.352799,0.011253528648813571,-0.047619047619051,0.009890109890109855
1648751416.37368,0.011253528648813571,-0.015873015873012264,0.009890109890109855
1648751416.394551,0.011253528648813571,-0.015873015873012264,0.009890109890109855
1648751416.415429,0.010872053101396162,-0.11111111111111427,0.009890109890109855
1648751416.436415,0.010872053101396162,-0.015873015873012264,0.009890109890109855
1648751416.457292,0.010872053101396162,-0.015873015873012264,0.008571428571428452
1648751416.478168,0.010872053101396162,-0.047619047619051,0.008571428571428452
1648751416.499035,0.010872053101396162,-0.015873015873012264,0.008571428571428452
1648751416.519926,0.010872053101396162,0.015873015873012264,0.008571428571428452
1648751416.540917,0.010872053101396162,-0.047619047619051,0.008571428571428452
1648751416.56168,0.010872053101396162,0.015873015873012264,0.008571428571428452
1648751416.582791,0.010872053101396162,0.07936507936507553,0.007252747252747049
1648751416.603547,0.010872053101396162,-0.047619047619051,0.007252747252747049
1648751416.624454,0.010872053101396162,0.015873015873012264,0.007252747252747049
1648751416.645329,0.010872053101396162,0.015873015873012264,0.007252747252747049
1648751416.666202,0.010872053101396162,-0.047619047619051,0.007252747252747049
1648751416.687034,0.010490577553978753,-0.015873015873012264,0.007252747252747049
1648751416.707957,0.010490577553978753,-0.015873015873012264,0.007252747252747049
1648751416.728786,0.010490577553978753,0.015873015873012264,0.005934065934066091
1648751416.749795,0.010490577553978753,-0.11111111111111427,0.005934065934066091
1648751416.770707,0.010490577553978753,-0.047619047619051,0.005934065934066091
1648751416.79155,0.010490577553978753,0.015873015873012264,0.005934065934066091
1648751416.812547,0.010490577553978753,-0.015873015873012264,0.005934065934066091
1648751416.833546,0.010490577553978753,0.015873015873012264,0.004615384615384688
1648751416.854434,0.010490577553978753,-0.015873015873012264,0.005934065934066091
1648751416.875327,0.010490577553978753,-0.047619047619051,0.005934065934066091
1648751416.896184,0.010109102006561344,-0.015873015873012264,0.004615384615384688
1648751416.91706,0.010109102006561344,0.015873015873012264,0.005934065934066091
1648751416.937964,0.010109102006561344,0.015873015873012264,0.004615384615384688
1648751416.958797,0.010109102006561344,-0.015873015873012264,0.004615384615384688
1648751416.979797,0.010109102006561344,0.07936507936507553,0.004615384615384688
1648751417.00054,0.010109102006561344,0.07936507936507553,0.004615384615384688
1648751417.021429,0.009727626459143934,-0.047619047619051,0.004615384615384688
1648751417.042436,0.009727626459143934,-0.015873015873012264,0.003296703296703285
1648751417.06331,0.009727626459143934,-0.015873015873012264,0.003296703296703285
1648751417.084299,0.009727626459143934,-0.015873015873012264,0.003296703296703285
1648751417.105174,0.009727626459143934,-0.015873015873012264,0.003296703296703285
1648751417.125921,0.009727626459143934,0.015873015873012264,0.003296703296703285
1648751417.146922,0.009727626459143934,0.015873015873012264,0.003296703296703285
1648751417.167798,0.009727626459143934,-0.047619047619051,0.003296703296703285
1648751417.188836,0.009727626459143934,-0.015873015873012264,0.003296703296703285
1648751417.209558,0.009346150911726525,-0.1428571428571388,0.003296703296703285
1648751417.230439,0.009346150911726525,-0.015873015873012264,0.003296703296703285
1648751417.251421,0.009346150911726525,-0.015873015873012264,0.001978021978021882
1648751417.272128,0.009346150911726525,-0.047619047619051,0.003296703296703285
1648751417.293055,0.009346150911726525,-0.047619047619051,0.001978021978021882
1648751417.313943,0.009346150911726525,0.07936507936507553,0.001978021978021882
1648751417.334939,0.009346150911726525,0.015873015873012264,0.001978021978021882
1648751417.355799,0.009346150911726525,-0.11111111111111427,0.001978021978021882
1648751417.376801,0.009346150911726525,0.015873015873012264,0.001978021978021882
1648751417.397544,0.009346150911726525,-0.015873015873012264,0.001978021978021882
1648751417.41856,0.009346150911726525,-0.047619047619051,0.001978021978021882
1648751417.439459,0.009346150911726525,-0.015873015873012264,0.001978021978021882
1648751417.460338,0.009346150911726525,-0.047619047619051,0.0006593406593404794
1648751417.481183,0.009346150911726525,0.015873015873012264,0.001978021978021882
1648751417.50209,0.009346150911726525,-0.015873015873012264,0.0006593406593404794
1648751417.523053,0.009346150911726525,-0.015873015873012264,0.0006593406593404794
1648751417.543928,0.008964675364309116,-0.015873015873012264,0.0006593406593404794
1648751417.564841,0.008964675364309116,0.015873015873012264,0.0006593406593404794
1648751417.585688,0.008964675364309116,0.07936507936507553,0.0006593406593404794
1648751417.606677,0.008964675364309116,-0.015873015873012264,0.0006593406593404794
1648751417.627552,0.008964675364309116,-0.015873015873012264,0.0006593406593404794
1648751417.648427,0.008964675364309116,-0.047619047619051,-0.0006593406593404794
1648751417.669304,0.008964675364309116,-0.015873015873012264,0.0006593406593404794
1648751417.689923,0.008964675364309116,-0.047619047619051,0.0006593406593404794
1648751417.710944,0.008964675364309116,-0.11111111111111427,-0.0006593406593404794
