Timestamp,POS,VEL,Torq
1648751312.31482,3.2484550240329586,-0.015873015873012264,-0.0006593406593404794
1648751312.335903,3.2186999313344007,-2.1746031746031775,-0.01384615384615362
1648751312.356758,3.164911879148546,-1.5396825396825378,-0.007252747252747049
1648751312.377631,3.1385900663767448,-0.30158730158730407,-0.008571428571428452
1648751312.398486,3.130579079880979,-0.5238095238095184,-0.0257142857142858
1648751312.419368,3.1092164492256043,-1.2857142857142847,-0.03362637362637333
1648751312.44037,3.0535210193026625,-3.158730158730158,-0.021758241758241592
1648751312.461242,2.984092469672694,-2.396825396825399,0.01912087912087923
1648751312.482121,2.9612039368276495,0.26984126984126533,0.020439560439560633
1648751312.503007,2.956244754711223,-0.1428571428571388,-0.003296703296703285
1648751312.523905,2.932974746318761,-1.857142857142854,-0.005934065934066091
1648751312.544758,2.8700312809948887,-2.904761904761905,0.017802197802197828
1648751312.565783,2.8334096284428174,0.39682539682539186,0.023076923076922995
1648751312.586619,2.8444724193179223,-0.5238095238095184,-0.0006593406593404794
1648751312.607509,2.8128099488822773,-2.396825396825399,-0.001978021978021882
1648751312.628385,2.757495994506753,-1.6349206349206327,0.016483516483516425
1648751312.64925,2.737659266041046,-0.2380952380952408,0.013846153846154063
1648751312.670134,2.723926146334019,-0.49206349206349387,-0.001978021978021882
1648751312.690996,2.7128633554589143,-0.5555555555555571,-0.01648351648351687
1648751312.711863,2.678912031738765,-2.5873015873015888,-0.009890109890109855
1648751312.73287,2.624742504005493,-1.7936507936507908,0.01252747252747266
1648751312.753783,2.609864957656214,0.6190476190476204,0.007252747252747049
1648751312.774746,2.6068131532768746,0.3333333333333286,-0.015164835164835022
1648751312.79566,2.5888838025482563,-1.253968253968253,-0.02307692307692344
1648751312.816513,2.5396734569314106,-2.4603174603174622,-0.017802197802197828
1648751312.837497,2.51029983978027,-0.5555555555555571,0.001978021978021882
1648751312.858411,2.5087739375906004,-0.015873015873012264,-0.01648351648351687
1648751312.879374,2.4847409781033036,-1.349206349206348,-0.02967032967033001
1648751312.900249,2.455367360952163,-1.349206349206348,-0.01648351648351687
1648751312.921111,2.425612268253605,-0.7460317460317469,-0.017802197802197828
1648751312.941491,2.4240863660639356,0.2380952380952408,-0.028351648351648162
1648751312.962514,2.408445868619822,-1.2857142857142847,-0.03758241758241754
1648751312.983376,2.3512245365072104,-3.158730158730158,-0.01912087912087923
1648751313.00425,2.2917143511100946,-1.1269841269841265,0.020439560439560633
1648751313.025132,2.291332875562677,0.49206349206349387,0.008571428571428452
1648751313.046016,2.2802700846875723,-1.1587301587301582,-0.0006593406593404794
1648751313.067004,2.2409781033035774,-1.7301587301587276,0.005934065934066091
1648751313.087872,2.212748912794689,-0.8412698412698347,0.013846153846154063
1648751313.108763,2.2016861219195842,-0.047619047619051,0.003296703296703285
1648751313.12975,2.1990157930876624,-0.047619047619051,-0.01252747252747266
1648751313.150624,2.17727168688487,-1.7619047619047592,-0.01252747252747266
1648751313.1715,2.1154726482032498,-2.5238095238095255,0.017802197802197828
1648751313.192377,2.091439688715953,0.8412698412698347,0.023076923076922995
1648751313.21325,2.104409857328145,0.1428571428571388,-0.001978021978021882
1648751313.234126,2.0731288624399173,-2.0158730158730194,-0.004615384615384688
1648751313.254997,2.0407034409094376,-0.7460317460317469,0.011208791208791258
1648751313.275883,2.0315480277714197,0.20634920634920206,0.005934065934066091
1648751313.296752,2.024299992370489,-0.015873015873012264,-0.011208791208791258
1648751313.317788,2.0128557259479667,-0.5238095238095184,-0.02043956043956019
1648751313.338539,1.9750896467536432,-2.3650793650793673,-0.008571428571428452
1648751313.359377,1.942282749675746,-0.17460317460317754,0.011208791208791258
1648751313.380376,1.9396124208438241,0.11111111111111427,-0.0006593406593404794
1648751313.401121,1.9251163500419626,-0.9682539682539613,-0.009890109890109855
1648751313.422133,1.8980315861753265,-0.1428571428571388,-0.007252747252747049
1648751313.44304,1.8999389639124136,0.015873015873012264,-0.02043956043956019
1648751313.463919,1.8888761730373087,-1.253968253968253,-0.0257142857142858
1648751313.484748,1.8438620584420544,-2.1111111111111143,-0.01912087912087923
1648751313.505764,1.8224994277866795,0.3333333333333286,-0.001978021978021882
1648751313.526754,1.822117952239262,0.07936507936507553,-0.015164835164835022
1648751313.547667,1.8068589303425657,-1.1587301587301582,-0.02307692307692344
1648751313.568543,1.7824444953078515,0.1428571428571388,-0.02043956043956019
1648751313.589389,1.7843518730449386,0.07936507936507553,-0.02967032967033001
1648751313.61038,1.7736705577172511,-0.904761904761898,-0.03626373626373658
1648751313.631264,1.7359044785229258,-2.4603174603174622,-0.02967032967033001
1648751313.65213,1.708056763561455,-0.36507936507936734,-0.011208791208791258
1648751313.673005,1.705386434729533,-0.11111111111111427,-0.02307692307692344
1648751313.693884,1.6966124971389327,-1.1587301587301582,-0.0257142857142858
1648751313.714918,1.6588464179446092,-1.7301587301587276,-0.017802197802197828
1648751313.735755,1.6351949340047298,-0.6190476190476204,-0.007252747252747049
1648751313.756644,1.621461814297703,-0.6507936507936449,-0.005934065934066091
1648751313.777645,1.613832303349355,-0.047619047619051,-0.01384615384615362
1648751313.798524,1.6031509880216674,-0.8730158730158735,-0.01912087912087923
1648751313.819544,1.5661478599221788,-2.396825396825399,-0.005934065934066091
1648751313.840382,1.5287632562752727,-0.6190476190476204,0.017802197802197828
1648751313.861379,1.5238040741588463,-0.047619047619051,0.01252747252747266
1648751313.882169,1.5196078431372548,-0.11111111111111427,0.001978021978021882
1648751313.903133,1.5047302967879759,-1.253968253968253,-0.0006593406593404794
1648751313.923928,1.4879453727016099,-0.11111111111111427,0.001978021978021882
1648751313.94488,1.4810788128480965,-0.36507936507936734,-0.004615384615384688
1648751313.965727,1.456282902265965,-2.047619047619051,0.003296703296703285
1648751313.986646,1.4345387960631726,0.9682539682539613,0.005934065934066091
1648751314.007507,1.4463645380331123,-0.1428571428571388,-0.011208791208791258
1648751314.028421,1.4234760051880677,-1.4761904761904745,-0.007252747252747049
1648751314.049295,1.384565499351492,-1.3809523809523796,0.007252747252747049
1648751314.070136,1.3899061570153357,1.0634920634920633,0.005934065934066091
1648751314.091046,1.3860914015411616,-1.349206349206348,-0.011208791208791258
1648751314.111887,1.3582436865796907,-1.2222222222222214,0.004615384615384688
1648751314.132886,1.3376440070191506,-0.6825396825396837,0.005934065934066091
1648751314.153761,1.3364995803768984,0.3333333333333286,0.0006593406593404794
1648751314.174759,1.3265812161440458,-0.6507936507936449,-0.011208791208791258
1648751314.19565,1.3185702296482802,-0.015873015873012264,-0.01252747252747266
1648751314.216502,1.3170443274586106,0.11111111111111427,-0.02043956043956019
1648751314.237378,1.3021667811093316,-1.6349206349206327,-0.015164835164835022
1648751314.258424,1.254100862134738,-1.4761904761904745,0.003296703296703285
1648751314.279385,1.2598229953459992,1.5079365079365061,-0.005934065934066091
1648751314.300141,1.2674525062943474,-0.5238095238095184,-0.0257142857142858
1648751314.32105,1.23884184023804,-1.7301587301587276,-0.008571428571428452
1648751314.342015,1.2083237964446472,0.1428571428571388,0.0006593406593404794
1648751314.362891,1.2197680628671694,0.2380952380952408,-0.009890109890109855
1648751314.3839,1.2067978942549775,-0.6507936507936449,-0.01912087912087923
1648751314.404797,1.2022201876859686,0.3333333333333286,-0.017802197802197828
1648751314.42576,1.1991683833066293,-0.17460317460317754,-0.02703296703296676
1648751314.446637,1.1869611657892722,-1.095238095238095,-0.0257142857142858
1648751314.467516,1.1453803311207746,-1.6349206349206327,-0.011208791208791258
1648751314.488388,1.152246890974288,1.2222222222222285,-0.01384615384615362
1648751314.50939,1.150339513237201,-0.6507936507936449,-0.02703296703296676
1648751314.530131,1.131647211413748,-0.39682539682539186,-0.021758241758241592
1648751314.551029,1.120584420538643,-0.30158730158730407,-0.02043956043956019
1648751314.571926,1.1015106431677726,-0.7777777777777715,-0.01648351648351687
1648751314.592929,1.097314412146181,0.1428571428571388,-0.01384615384615362
1648751314.613777,1.0942626077668418,-0.015873015873012264,-0.0257142857142858
1648751314.634764,1.0938811322194244,-0.047619047619051,-0.03362637362637333
1648751314.655639,1.0904478522926677,-0.26984126984126533,-0.0415384615384613
1648751314.676538,1.074807354848554,-1.2222222222222214,-0.03362637362637333
1648751314.697389,1.0420004577706568,-1.6666666666666643,-0.0257142857142858
1648751314.71839,1.0332265201800563,1.0,-0.017802197802197828
1648751314.739276,1.0397116044861523,-0.5238095238095184,-0.028351648351648162
1648751314.760163,1.0248340581368733,-0.047619047619051,-0.03230769230769237
1648751314.781019,1.026359960326543,-0.2380952380952408,-0.03758241758241754
1648751314.8019,1.0191119249256122,-0.7777777777777715,-0.03890109890109894
1648751314.822894,0.9908827344167239,-2.0158730158730194,-0.0257142857142858
1648751314.84378,0.9576943617914093,-0.047619047619051,-0.005934065934066091
1648751314.864765,0.9710460059510186,0.8412698412698347,-0.01912087912087923
1648751314.885532,0.9653238727397575,-0.6507936507936449,-0.028351648351648162
1648751314.906555,0.9496833752956437,-0.9682539682539613,-0.017802197802197828
1648751314.927388,0.9233615625238425,-1.5079365079365061,-0.011208791208791258
1648751314.948393,0.9119172961013202,0.6190476190476204,-0.001978021978021882
1648751314.96943,0.9184023804074162,-0.11111111111111427,-0.015164835164835022
1648751314.990157,0.9081025406271461,-0.6507936507936449,-0.01912087912087923
1648751315.011158,0.8936064698252846,-0.904761904761898,-0.007252747252747049
1648751315.032021,0.8718623636224923,-1.253968253968253,-0.0006593406593404794
1648751315.052903,0.8630884260318918,0.6507936507936449,0.003296703296703285
1648751315.073769,0.8607995727473874,-0.30158730158730407,-0.005934065934066091
1648751315.094783,0.8611810482948048,-0.1428571428571388,-0.01252747252747266
1648751315.115771,0.853933012893874,-0.8412698412698347,-0.01384615384615362
1648751315.136558,0.8318074311436643,-1.603174603174601,0.0006593406593404794
1648751315.157389,0.8024338139925238,-0.2380952380952408,0.011208791208791258
1648751315.1784,0.8108262760357068,0.2380952380952408,0.004615384615384688
1648751315.199306,0.8066300450141153,-0.6507936507936449,-0.0006593406593404794
1648751315.220183,0.8039597161821934,0.3333333333333286,-0.003296703296703285
1648751315.24194,0.8005264362554367,-0.1428571428571388,-0.009890109890109855
1648751315.262807,0.7906080720225841,-0.49206349206349387,-0.008571428571428452
1648751315.28381,0.7726787212939659,-1.095238095238095,0.001978021978021882
1648751315.304522,0.7478828107118325,-0.6507936507936449,0.013846153846154063
1648751315.325391,0.7528419928282606,0.26984126984126533,0.007252747252747049
1648751315.346397,0.7482642862592499,-0.4285714285714306,0.001978021978021882
1648751315.367398,0.7482642862592499,-0.015873015873012264,-0.001978021978021882
1648751315.388158,0.7463569085221629,0.11111111111111427,-0.008571428571428452
1648751315.409148,0.7448310063324932,-0.11111111111111427,-0.015164835164835022
1648751315.430058,0.7364385442893102,-0.8412698412698347,-0.015164835164835022
1648751315.450937,0.7154573891813527,-1.349206349206348,-0.0006593406593404794
1648751315.471911,0.6925688563363082,-0.36507936507936734,0.011208791208791258
1648751315.492811,0.6994354161898215,0.6507936507936449,0.005934065934066091
1648751315.513664,0.6948577096208126,-0.17460317460317754,-0.001978021978021882
1648751315.534649,0.6887541008621341,0.1428571428571388,-0.001978021978021882
1648751315.555552,0.6887541008621341,-0.11111111111111427,-0.005934065934066091
1648751315.576418,0.686846723125047,-0.015873015873012264,-0.01252747252747266
1648751315.597438,0.6837949187457077,-0.30158730158730407,-0.01648351648351687
1648751315.618314,0.6673914702067592,-0.8730158730158735,-0.009890109890109855
1648751315.639274,0.6471732661936365,-0.7777777777777715,0.001978021978021882
1648751315.660165,0.6387808041504535,0.46031746031745513,0.007252747252747049
1648751315.681061,0.6395437552452883,-0.015873015873012264,0.0006593406593404794
1648751315.701905,0.6368734264133664,0.1428571428571388,-0.003296703296703285
1648751315.722938,0.6319142442969401,-0.5555555555555571,-0.005934065934066091
1648751315.743899,0.6307698176546879,0.015873015873012264,-0.008571428571428452
1648751315.764901,0.6292439154650182,-0.015873015873012264,-0.01384615384615362
1648751315.785781,0.6284809643701834,-0.17460317460317754,-0.01912087912087923
1648751315.806936,0.62161440451667,-0.7777777777777715,-0.017802197802197828
1648751315.827776,0.604829480430304,-0.904761904761898,-0.008571428571428452
1648751315.848776,0.5800335698481724,-1.0,0.004615384615384688
1648751315.869399,0.5838483253223465,0.3333333333333286,0.004615384615384688
1648751315.889855,0.579652094300755,-0.015873015873012264,-0.001978021978021882
1648751315.910786,0.5800335698481724,0.015873015873012264,-0.005934065934066091
1648751315.931549,0.5746929121843287,-0.49206349206349387,-0.008571428571428452
1648751315.952415,0.5716411078049894,0.07936507936507553,-0.008571428571428452
1648751315.973414,0.5708781567101546,-0.1428571428571388,-0.01384615384615362
1648751315.994152,0.5697337300679024,-0.11111111111111427,-0.01912087912087923
1648751316.015034,0.567444876783398,-0.17460317460317754,-0.021758241758241592
1648751316.036029,0.5563820859082931,-0.39682539682539186,-0.017802197802197828
1648751316.056795,0.5430304417486838,-0.9682539682539613,-0.005934065934066091
1648751316.077797,0.5270084687571526,-0.49206349206349387,-0.0006593406593404794
1648751316.098782,0.5239566643778133,0.20634920634920206,0.0006593406593404794
1648751316.119652,0.5224307621881437,-0.11111111111111427,-0.004615384615384688
1648751316.140542,0.5220492866407263,-0.11111111111111427,-0.008571428571428452
1648751316.161419,0.5201419089036392,-0.015873015873012264,-0.01252747252747266
1648751316.182282,0.5144197756923781,-0.5555555555555571,-0.01384615384615362
1648751316.203284,0.5136568245975432,0.015873015873012264,-0.015164835164835022
1648751316.224172,0.512512397955291,0.015873015873012264,-0.02043956043956019
1648751316.245069,0.5121309224078736,-0.047619047619051,-0.024395604395604398
1648751316.265909,0.5113679713130388,-0.047619047619051,-0.028351648351648162
1648751316.286946,0.5083161669336995,-0.36507936507936734,-0.02967032967033001
1648751316.30782,0.49305714503700315,-0.8730158730158735,-0.01912087912087923
1648751316.328667,0.4732204165712979,-1.095238095238095,-0.007252747252747049
1648751316.349658,0.4655909056229497,0.49206349206349387,-0.001978021978021882
1648751316.370571,0.4652094300755323,-0.047619047619051,-0.005934065934066091
1648751316.391535,0.4648279545281149,-0.047619047619051,-0.009890109890109855
1648751316.412406,0.46406500343328005,0.015873015873012264,-0.01384615384615362
1648751316.433448,0.4629205767910278,0.015873015873012264,-0.01912087912087923
1648751316.45415,0.4617761501487756,-0.11111111111111427,-0.021758241758241592
1648751316.475038,0.45490959029526223,-0.6507936507936449,-0.021758241758241592
1648751316.496034,0.45490959029526223,0.11111111111111427,-0.021758241758241592
1648751316.516922,0.4533836881055926,0.11111111111111427,-0.0257142857142858
1648751316.537795,0.4530022125581752,-0.11111111111111427,-0.02967032967033001
1648751316.558798,0.4526207370107578,-0.11111111111111427,-0.03230769230769237
1648751316.579823,0.4491874570840011,-0.39682539682539186,-0.03362637362637333
1648751316.600528,0.43430991073472214,-0.9682539682539613,-0.024395604395604398
1648751316.621409,0.4205767910276954,-0.5238095238095184,-0.01648351648351687
1648751316.642416,0.4129472800793472,0.1428571428571388,-0.011208791208791258
1648751316.663297,0.41371023117418204,-0.11111111111111427,-0.01384615384615362
1648751316.684159,0.4125658045319298,0.07936507936507553,-0.017802197802197828
1648751316.705163,0.4083695735103383,-0.6507936507936449,-0.01648351648351687
1648751316.726079,0.3999771114671553,-0.015873015873012264,-0.015164835164835022
1648751316.747039,0.3999771114671553,-0.047619047619051,-0.017802197802197828
1648751316.767913,0.3988326848249031,-0.015873015873012264,-0.02043956043956019
1648751316.788787,0.39806973373006826,-0.015873015873012264,-0.02307692307692344
1648751316.809689,0.39730678263523345,-0.047619047619051,-0.0257142857142858
1648751316.830665,0.39654383154039863,-0.015873015873012264,-0.02967032967033001
1648751316.85155,0.3961623559929812,0.015873015873012264,-0.030989010989010968
1648751316.872425,0.3957808804455638,-0.015873015873012264,-0.03494505494505473
1648751316.893325,0.3946364538033116,-0.11111111111111427,-0.03758241758241754
1648751316.913789,0.39387350270847676,-0.047619047619051,-0.0415384615384613
1648751316.934536,0.39005874723430267,-0.5238095238095184,-0.03890109890109894
1648751316.955412,0.3786144808117804,-0.7460317460317469,-0.030989010989010968
1648751316.976303,0.36984054322118,-0.6825396825396837,-0.024395604395604398
1648751316.997199,0.35191119249256175,-0.7460317460317469,-0.01648351648351687
1648751317.017906,0.34847791256580507,0.3333333333333286,-0.009890109890109855
1648751317.038531,0.34733348592355284,-0.11111111111111427,-0.015164835164835022
1648751317.059032,0.34733348592355284,-0.015873015873012264,-0.017802197802197828
1648751317.079656,0.34695201037613543,-0.047619047619051,-0.021758241758241592
1648751317.100156,0.3461890592813006,-0.015873015873012264,-0.02307692307692344
1648751317.120656,0.3450446326390484,-0.11111111111111427,-0.0257142857142858
1648751317.141282,0.34275577935454393,-0.2380952380952408,-0.02703296703296676
1648751317.162168,0.3377965972381176,0.26984126984126533,-0.024395604395604398
1648751317.183076,0.3377965972381176,-0.11111111111111427,-0.02703296703296676
1648751317.204043,0.3374151216907002,-0.1428571428571388,-0.030989010989010968
1648751317.224917,0.3370336461432828,-0.11111111111111427,-0.03362637362637333
1648751317.245809,0.3366521705958654,-0.047619047619051,-0.03494505494505473
1648751317.266788,0.33588921950103057,-0.015873015873012264,-0.03890109890109894
1648751317.287705,0.33474479285877834,-0.1428571428571388,-0.04021978021978034
1648751317.308545,0.32673380636301275,-0.6190476190476204,-0.03758241758241754
1648751317.329454,0.3175783932249949,-0.2380952380952408,-0.030989010989010968
1648751317.350417,0.31834134431982974,-0.047619047619051,-0.030989010989010968
1648751317.371417,0.3168154421301601,0.015873015873012264,-0.03494505494505473
1648751317.392172,0.31528953994049047,-0.26984126984126533,-0.03494505494505473
1648751317.413181,0.2958342870222026,-1.3809523809523796,-0.02043956043956019
1648751317.434079,0.27676050965133214,0.6507936507936449,-0.007252747252747049
1648751317.455045,0.28477149614709774,-0.047619047619051,-0.01384615384615362
1648751317.475926,0.28057526512550623,0.26984126984126533,-0.011208791208791258
1648751317.496806,0.28057526512550623,-0.11111111111111427,-0.015164835164835022
1648751317.517797,0.2801937895780888,-0.047619047619051,-0.017802197802197828
1648751317.538685,0.2801937895780888,-0.015873015873012264,-0.01912087912087923
1648751317.559667,0.2801937895780888,-0.015873015873012264,-0.02307692307692344
1648751317.580557,0.2798123140306714,0.015873015873012264,-0.02307692307692344
1648751317.601458,0.279430838483254,-0.047619047619051,-0.02703296703296676
1648751317.622424,0.2786678873884192,-0.015873015873012264,-0.028351648351648162
1648751317.643308,0.2782864118410018,0.07936507936507553,-0.02967032967033001
1648751317.664188,0.27714198519874955,-0.047619047619051,-0.03230769230769237
1648751317.685039,0.27256427862974064,-0.6507936507936449,-0.028351648351648162
1648751317.70605,0.26379034103914023,-0.39682539682539186,-0.02307692307692344
1648751317.726959,0.2584496833752965,0.07936507936507553,-0.021758241758241592
1648751317.747799,0.2588311589227139,-0.015873015873012264,-0.02307692307692344
1648751317.768835,0.2584496833752965,-0.015873015873012264,-0.024395604395604398
1648751317.789584,0.2550164034485398,-0.5555555555555571,-0.02043956043956019
1648751317.810546,0.23174639505607608,-1.5396825396825378,-0.007252747252747049
1648751317.831434,0.2241168841077279,0.6190476190476204,0.004615384615384688
1648751317.852332,0.22907606622415422,0.07936507936507553,-0.004615384615384688
1648751317.873174,0.22755016403448458,-0.047619047619051,-0.005934065934066091
1648751317.894084,0.2244983596551453,-0.36507936507936734,-0.004615384615384688
1648751317.915063,0.22335393301289308,0.11111111111111427,-0.004615384615384688
1648751317.935962,0.22259098191805826,0.1428571428571388,-0.007252747252747049
1648751317.956839,0.22259098191805826,0.07936507936507553,-0.009890109890109855
1648751317.977806,0.22220950637064085,0.015873015873012264,-0.011208791208791258
1648751317.998798,0.22182803082322344,-0.015873015873012264,-0.01252747252747266
1648751318.01955,0.22144655527580603,-0.015873015873012264,-0.015164835164835022
1648751318.040559,0.22106507972838862,-0.015873015873012264,-0.01648351648351687
1648751318.061463,0.22068360418097122,-0.015873015873012264,-0.017802197802197828
1648751318.082423,0.2203021286335538,-0.015873015873012264,-0.01912087912087923
1648751318.103463,0.2199206530861364,-0.047619047619051,-0.021758241758241592
1648751318.124172,0.21877622644388417,-0.1428571428571388,-0.021758241758241592
1648751318.145177,0.20885786221103153,-0.6507936507936449,-0.01648351648351687
1648751318.166075,0.19855802243076148,-0.39682539682539186,-0.005934065934066091
1648751318.187084,0.1905470359349959,0.07936507936507553,-0.001978021978021882
1648751318.207938,0.19207293812466553,-0.1428571428571388,-0.004615384615384688
1648751318.22884,0.19169146257724812,-0.047619047619051,-0.004615384615384688
1648751318.249804,0.19169146257724812,-0.015873015873012264,-0.007252747252747049
1648751318.270676,0.1913099870298307,-0.015873015873012264,-0.008571428571428452
1648751318.291555,0.19016556038757848,-0.047619047619051,-0.008571428571428452
1648751318.312419,0.18177309834439548,-0.7777777777777715,-0.004615384615384688
1648751318.333427,0.16918440527962098,-0.17460317460317754,0.005934065934066091
1648751318.354301,0.17376211184862989,0.20634920634920206,0.004615384615384688
1648751318.375185,0.17223620965896025,0.015873015873012264,0.0006593406593404794
1648751318.396179,0.17261768520637766,-0.047619047619051,-0.0006593406593404794
1648751318.417053,0.17223620965896025,-0.047619047619051,-0.001978021978021882
1648751318.437932,0.17147325856412543,0.015873015873012264,-0.003296703296703285
1648751318.458897,0.1699473563744558,-0.1428571428571388,-0.003296703296703285
1648751318.479805,0.16498817425802947,0.07936507936507553,-0.0006593406593404794
1648751318.500675,0.16536964980544688,-0.11111111111111427,-0.001978021978021882
1648751318.521557,0.16536964980544688,-0.015873015873012264,-0.003296703296703285
1648751318.542567,0.16536964980544688,-0.015873015873012264,-0.004615384615384688
1648751318.563442,0.16536964980544688,0.015873015873012264,-0.005934065934066091
1648751318.58434,0.16498817425802947,-0.047619047619051,-0.007252747252747049
1648751318.605216,0.16460669871061206,0.015873015873012264,-0.008571428571428452
1648751318.62607,0.16460669871061206,0.015873015873012264,-0.011208791208791258
1648751318.647094,0.16422522316319466,-0.015873015873012264,-0.011208791208791258
1648751318.667967,0.16384374761577725,-0.047619047619051,-0.01384615384615362
1648751318.688932,0.16384374761577725,-0.015873015873012264,-0.01384615384615362
1648751318.709809,0.16346227206835984,-0.015873015873012264,-0.015164835164835022
1648751318.730719,0.16308079652094243,-0.047619047619051,-0.017802197802197828
1648751318.75156,0.16269932097352502,-0.11111111111111427,-0.017802197802197828
1648751318.77247,0.1619363698786902,-0.047619047619051,-0.01912087912087923
1648751318.793434,0.16041046768902056,-0.1428571428571388,-0.017802197802197828
1648751318.814307,0.1497291523613331,-0.5238095238095184,-0.008571428571428452
1648751318.835188,0.13103685053788006,-0.9682539682539613,0.004615384615384688
1648751318.856184,0.12417029068436669,0.49206349206349387,0.01252747252747266
1648751318.877059,0.12607766842145374,-0.015873015873012264,0.009890109890109855
1648751318.897974,0.12607766842145374,-0.015873015873012264,0.008571428571428452
1648751318.918971,0.12569619287403633,-0.015873015873012264,0.007252747252747049
1648751318.939843,0.12569619287403633,0.015873015873012264,0.007252747252747049
1648751318.960808,0.12531471732661892,-0.015873015873012264,0.005934065934066091
1648751318.981573,0.12531471732661892,0.015873015873012264,0.004615384615384688
1648751319.00256,0.12493324177920151,0.015873015873012264,0.003296703296703285
1648751319.023433,0.1245517662317841,0.07936507936507553,0.001978021978021882
1648751319.044436,0.1245517662317841,0.07936507936507553,0.0006593406593404794
1648751319.065436,0.12378881513694928,-0.015873015873012264,0.0006593406593404794
1648751319.086348,0.12340733958953187,-0.047619047619051,-0.0006593406593404794
1648751319.107199,0.12226291294727964,-0.17460317460317754,-0.0006593406593404794
1648751319.128198,0.11310749980926182,-0.1428571428571388,0.003296703296703285
1648751319.149063,0.11577782864118369,-0.11111111111111427,0.003296703296703285
1648751319.16998,0.11539635309376628,-0.015873015873012264,0.003296703296703285
1648751319.190813,0.11501487754634887,-0.015873015873012264,0.001978021978021882
1648751319.211825,0.11501487754634887,-0.015873015873012264,0.0006593406593404794
1648751319.232685,0.11501487754634887,0.015873015873012264,-0.0006593406593404794
1648751319.253562,0.11463340199893146,-0.015873015873012264,-0.0006593406593404794
1648751319.274573,0.11425192645151405,0.015873015873012264,-0.0006593406593404794
1648751319.295438,0.11425192645151405,-0.047619047619051,-0.003296703296703285
1648751319.316436,0.11387045090409664,-0.015873015873012264,-0.004615384615384688
1648751319.337184,0.11310749980926182,-0.015873015873012264,-0.004615384615384688
1648751319.358205,0.11272602426184442,-0.015873015873012264,-0.004615384615384688
1648751319.379062,0.10700389105058328,-0.49206349206349387,-0.003296703296703285
1648751319.399938,0.10738536659800069,-0.015873015873012264,-0.001978021978021882
1648751319.420815,0.10662241550316587,0.07936507936507553,-0.001978021978021882
1648751319.441817,0.10662241550316587,0.07936507936507553,-0.003296703296703285
1648751319.462813,0.10662241550316587,-0.047619047619051,-0.003296703296703285
1648751319.483691,0.10624093995574846,-0.047619047619051,-0.004615384615384688
1648751319.504601,0.10624093995574846,-0.047619047619051,-0.005934065934066091
1648751319.525438,0.10624093995574846,0.07936507936507553,-0.005934065934066091
1648751319.546441,0.10624093995574846,0.015873015873012264,-0.007252747252747049
1648751319.567312,0.10585946440833105,-0.015873015873012264,-0.008571428571428452
1648751319.588229,0.10585946440833105,-0.015873015873012264,-0.008571428571428452
1648751319.609065,0.10547798886091364,0.015873015873012264,-0.009890109890109855
1648751319.629953,0.10547798886091364,-0.047619047619051,-0.011208791208791258
1648751319.650975,0.10547798886091364,0.015873015873012264,-0.01252747252747266
1648751319.671854,0.10509651331349623,-0.047619047619051,-0.01252747252747266
1648751319.692815,0.10509651331349623,-0.015873015873012264,-0.01384615384615362
1648751319.713704,0.10471503776607882,-0.047619047619051,-0.01384615384615362
1648751319.734691,0.10433356221866141,-0.047619047619051,-0.01384615384615362
1648751319.755478,0.10433356221866141,-0.047619047619051,-0.015164835164835022
1648751319.776457,0.103952086671244,-0.047619047619051,-0.01648351648351687
1648751319.797356,0.10318913557640919,-0.11111111111111427,-0.015164835164835022
1648751319.818229,0.09632257572289582,-0.5555555555555571,-0.011208791208791258
1648751319.839085,0.08564126039520836,-0.26984126984126533,-0.003296703296703285
1648751319.860082,0.08678568703746059,0.07936507936507553,-0.001978021978021882
1648751319.880977,0.08602273594262577,0.07936507936507553,-0.003296703296703285
1648751319.90186,0.08602273594262577,0.015873015873012264,-0.004615384615384688
1648751319.922853,0.08602273594262577,-0.015873015873012264,-0.004615384615384688
1648751319.943815,0.08602273594262577,-0.015873015873012264,-0.005934065934066091
1648751319.964568,0.08564126039520836,-0.047619047619051,-0.005934065934066091
1648751319.98557,0.08525978484779095,-0.015873015873012264,-0.005934065934066091
1648751320.006521,0.08487830930037354,-0.015873015873012264,-0.005934065934066091
1648751320.027445,0.07801174944686018,-1.095238095238095,0.001978021978021882
1648751320.048444,0.05855649652857231,-0.7777777777777715,0.013846153846154063
1648751320.069334,0.06198977645532899,0.11111111111111427,0.015164835164835022
1648751320.090231,0.05970092317082454,-0.1428571428571388,0.015164835164835022
1648751320.111085,0.060463874265659356,-0.015873015873012264,0.013846153846154063
1648751320.131946,0.06008239871824195,0.015873015873012264,0.013846153846154063
1648751320.152822,0.06008239871824195,-0.047619047619051,0.01252747252747266
1648751320.173827,0.06008239871824195,-0.047619047619051,0.01252747252747266
1648751320.19482,0.05970092317082454,-0.015873015873012264,0.01252747252747266
1648751320.215734,0.05970092317082454,-0.047619047619051,0.011208791208791258
1648751320.236584,0.05970092317082454,-0.015873015873012264,0.009890109890109855
1648751320.257482,0.05931944762340713,-0.015873015873012264,0.009890109890109855
1648751320.278447,0.05931944762340713,-0.047619047619051,0.008571428571428452
1648751320.29945,0.05931944762340713,0.015873015873012264,0.008571428571428452
1648751320.320322,0.05893797207598972,-0.047619047619051,0.008571428571428452
1648751320.341199,0.05893797207598972,-0.015873015873012264,0.008571428571428452
1648751320.362072,0.05893797207598972,0.015873015873012264,0.007252747252747049
1648751320.383105,0.05893797207598972,-0.047619047619051,0.005934065934066091
1648751320.403984,0.05893797207598972,0.015873015873012264,0.005934065934066091
1648751320.42486,0.05855649652857231,-0.015873015873012264,0.005934065934066091
1648751320.445827,0.05855649652857231,0.015873015873012264,0.004615384615384688
1648751320.466861,0.05855649652857231,-0.047619047619051,0.004615384615384688
1648751320.487579,0.0581750209811549,-0.015873015873012264,0.004615384615384688
1648751320.508574,0.0581750209811549,0.015873015873012264,0.003296703296703285
1648751320.52946,0.0581750209811549,-0.015873015873012264,0.001978021978021882
1648751320.550447,0.05779354543373749,-0.015873015873012264,0.001978021978021882
1648751320.571324,0.05779354543373749,-0.015873015873012264,0.001978021978021882
1648751320.592863,0.05741206988632008,-0.047619047619051,0.001978021978021882
1648751320.613702,0.05741206988632008,-0.015873015873012264,0.0006593406593404794
1648751320.63457,0.056649118791485265,-0.047619047619051,0.0006593406593404794
1648751320.655574,0.056649118791485265,0.015873015873012264,0.0006593406593404794
1648751320.676485,0.056267643244067855,-0.11111111111111427,-0.0006593406593404794
1648751320.69733,0.055886167696650446,-0.047619047619051,-0.0006593406593404794
1648751320.718201,0.05550469214923304,-0.047619047619051,-0.0006593406593404794
1648751320.739095,0.05092698558022413,-0.49206349206349387,0.001978021978021882
1648751320.759966,0.05054551003280672,0.015873015873012264,0.003296703296703285
1648751320.78099,0.05016403448538931,0.015873015873012264,0.003296703296703285
1648751320.801869,0.05016403448538931,0.015873015873012264,0.001978021978021882
1648751320.822843,0.05016403448538931,0.015873015873012264,0.001978021978021882
1648751320.843721,0.05016403448538931,-0.11111111111111427,0.001978021978021882
1648751320.864614,0.05016403448538931,0.015873015873012264,0.001978021978021882
1648751320.885468,0.05016403448538931,-0.015873015873012264,0.0006593406593404794
1648751320.906616,0.05016403448538931,0.07936507936507553,0.0006593406593404794
1648751320.927467,0.0497825589379719,-0.11111111111111427,-0.0006593406593404794
1648751320.948454,0.0497825589379719,0.015873015873012264,-0.0006593406593404794
1648751320.969362,0.0497825589379719,-0.047619047619051,-0.0006593406593404794
1648751320.990217,0.0497825589379719,0.015873015873012264,-0.001978021978021882
1648751321.011114,0.0497825589379719,-0.015873015873012264,-0.001978021978021882
1648751321.032117,0.0497825589379719,0.015873015873012264,-0.001978021978021882
1648751321.052955,0.04940108339055449,-0.047619047619051,-0.003296703296703285
1648751321.07384,0.0497825589379719,-0.047619047619051,-0.001978021978021882
1648751321.094863,0.04940108339055449,0.015873015873012264,-0.003296703296703285
1648751321.115832,0.04940108339055449,-0.047619047619051,-0.004615384615384688
1648751321.136597,0.04940108339055449,-0.015873015873012264,-0.004615384615384688
1648751321.157598,0.04940108339055449,-0.11111111111111427,-0.005934065934066091
1648751321.178454,0.04940108339055449,0.015873015873012264,-0.005934065934066091
1648751321.199458,0.04940108339055449,-0.015873015873012264,-0.005934065934066091
1648751321.220333,0.04901960784313708,-0.047619047619051,-0.005934065934066091
1648751321.241206,0.04901960784313708,-0.015873015873012264,-0.007252747252747049
1648751321.262119,0.04901960784313708,-0.047619047619051,-0.007252747252747049
1648751321.283097,0.04901960784313708,-0.047619047619051,-0.007252747252747049
1648751321.303964,0.04901960784313708,-0.015873015873012264,-0.007252747252747049
1648751321.324826,0.04863813229571967,-0.11111111111111427,-0.007252747252747049
1648751321.345838,0.04863813229571967,-0.047619047619051,-0.007252747252747049
1648751321.366832,0.04863813229571967,-0.047619047619051,-0.008571428571428452
1648751321.387707,0.04863813229571967,-0.015873015873012264,-0.009890109890109855
1648751321.408451,0.04863813229571967,0.015873015873012264,-0.008571428571428452
1648751321.429457,0.04863813229571967,-0.015873015873012264,-0.009890109890109855
1648751321.450338,0.04825665674830226,-0.015873015873012264,-0.009890109890109855
1648751321.471245,0.04825665674830226,0.015873015873012264,-0.009890109890109855
1648751321.49221,0.04825665674830226,-0.015873015873012264,-0.009890109890109855
1648751321.513097,0.04825665674830226,-0.015873015873012264,-0.011208791208791258
1648751321.534003,0.04825665674830226,-0.047619047619051,-0.011208791208791258
1648751321.554958,0.04825665674830226,-0.015873015873012264,-0.011208791208791258
1648751321.575872,0.04825665674830226,0.07936507936507553,-0.01252747252747266
1648751321.596834,0.04787518120088485,0.015873015873012264,-0.01252747252747266
1648751321.617712,0.04787518120088485,-0.015873015873012264,-0.01252747252747266
1648751321.638587,0.04787518120088485,0.015873015873012264,-0.01252747252747266
1648751321.659459,0.04787518120088485,0.015873015873012264,-0.01252747252747266
1648751321.680459,0.047493705653467444,0.07936507936507553,-0.01384615384615362
1648751321.701337,0.047493705653467444,-0.015873015873012264,-0.01384615384615362
1648751321.722222,0.047493705653467444,0.015873015873012264,-0.01384615384615362
1648751321.743099,0.047112230106050035,-0.047619047619051,-0.01384615384615362
1648751321.763998,0.047112230106050035,-0.047619047619051,-0.01384615384615362
1648751321.784841,0.047112230106050035,-0.015873015873012264,-0.015164835164835022
1648751321.805843,0.047112230106050035,-0.015873015873012264,-0.015164835164835022
1648751321.826839,0.046730754558632626,-0.015873015873012264,-0.015164835164835022
1648751321.847714,0.046730754558632626,-0.047619047619051,-0.015164835164835022
1648751321.868462,0.046730754558632626,0.015873015873012264,-0.015164835164835022
1648751321.889216,0.046349279011215216,-0.1428571428571388,-0.015164835164835022
1648751321.910215,0.04596780346379781,-0.015873015873012264,-0.015164835164835022
1648751321.931089,0.04520485236896299,-0.047619047619051,-0.01648351648351687
1648751321.952125,0.037193865873197396,-0.11111111111111427,-0.009890109890109855
1648751321.97297,0.03910124361028444,-0.015873015873012264,-0.008571428571428452
1648751321.994005,0.03871976806286703,-0.015873015873012264,-0.009890109890109855
1648751322.015002,0.03871976806286703,0.015873015873012264,-0.009890109890109855
1648751322.035875,0.03871976806286703,-0.015873015873012264,-0.009890109890109855
1648751322.056843,0.03871976806286703,0.015873015873012264,-0.009890109890109855
1648751322.077715,0.03871976806286703,0.015873015873012264,-0.009890109890109855
1648751322.098583,0.03871976806286703,-0.015873015873012264,-0.011208791208791258
1648751322.119457,0.03833829251544962,-0.015873015873012264,-0.011208791208791258
1648751322.140466,0.03833829251544962,-0.047619047619051,-0.011208791208791258
1648751322.16134,0.03833829251544962,-0.015873015873012264,-0.011208791208791258
1648751322.182252,0.03833829251544962,0.015873015873012264,-0.011208791208791258
1648751322.203128,0.03833829251544962,0.015873015873012264,-0.01252747252747266
1648751322.223992,0.03833829251544962,-0.047619047619051,-0.01252747252747266
1648751322.244836,0.03833829251544962,-0.015873015873012264,-0.01252747252747266
1648751322.265845,0.03833829251544962,-0.015873015873012264,-0.01252747252747266
1648751322.286717,0.03833829251544962,-0.015873015873012264,-0.01384615384615362
1648751322.30759,0.03833829251544962,-0.047619047619051,-0.01252747252747266
1648751322.328483,0.037956816968032214,-0.047619047619051,-0.01384615384615362
1648751322.349481,0.03833829251544962,0.015873015873012264,-0.01384615384615362
1648751322.370468,0.037956816968032214,-0.015873015873012264,-0.01384615384615362
1648751322.391356,0.037956816968032214,-0.015873015873012264,-0.01384615384615362
1648751322.412348,0.037956816968032214,-0.1428571428571388,-0.01384615384615362
1648751322.433345,0.037956816968032214,0.015873015873012264,-0.01384615384615362
1648751322.454221,0.037956816968032214,-0.11111111111111427,-0.015164835164835022
1648751322.475132,0.037956816968032214,-0.015873015873012264,-0.015164835164835022
1648751322.495984,0.037575341420614805,-0.015873015873012264,-0.015164835164835022
1648751322.516966,0.037956816968032214,0.07936507936507553,-0.015164835164835022
1648751322.537974,0.037575341420614805,-0.015873015873012264,-0.015164835164835022
1648751322.558969,0.037575341420614805,-0.11111111111111427,-0.015164835164835022
1648751322.579862,0.037575341420614805,0.015873015873012264,-0.015164835164835022
1648751322.600726,0.037575341420614805,0.015873015873012264,-0.01648351648351687
1648751322.621596,0.037575341420614805,-0.015873015873012264,-0.01648351648351687
1648751322.642594,0.037575341420614805,-0.047619047619051,-0.01648351648351687
1648751322.663475,0.037575341420614805,0.07936507936507553,-0.01648351648351687
1648751322.684508,0.037575341420614805,0.015873015873012264,-0.01648351648351687
1648751322.705345,0.037193865873197396,-0.11111111111111427,-0.01648351648351687
1648751322.72626,0.037193865873197396,0.015873015873012264,-0.01648351648351687
1648751322.747111,0.037193865873197396,-0.047619047619051,-0.01648351648351687
1648751322.767964,0.03681239032577999,0.015873015873012264,-0.01648351648351687
1648751322.788844,0.03681239032577999,-0.047619047619051,-0.017802197802197828
1648751322.809855,0.03681239032577999,-0.015873015873012264,-0.01648351648351687
1648751322.83088,0.03643091477836258,0.015873015873012264,-0.017802197802197828
1648751322.851612,0.03643091477836258,-0.047619047619051,-0.017802197802197828
1648751322.872597,0.03566796368352776,-0.11111111111111427,-0.01648351648351687
1648751322.893483,0.02574959945067512,-0.7460317460317469,-0.008571428571428452
1648751322.914474,0.0020981155107957505,-0.904761904761898,0.011208791208791258
1648751322.935363,0.004768444342717615,0.26984126984126533,0.013846153846154063
1648751322.956234,0.010109102006561344,-0.36507936507936734,0.007252747252747049
1648751322.977101,0.009727626459143934,-0.015873015873012264,0.007252747252747049
1648751322.997984,0.009727626459143934,-0.015873015873012264,0.007252747252747049
1648751323.018599,0.009727626459143934,-0.047619047619051,0.007252747252747049
1648751323.039223,0.009727626459143934,-0.047619047619051,0.007252747252747049
1648751323.059979,0.009727626459143934,-0.047619047619051,0.005934065934066091
1648751323.08089,0.009727626459143934,-0.047619047619051,0.005934065934066091
1648751323.101731,0.009727626459143934,-0.015873015873012264,0.007252747252747049
1648751323.122762,0.009727626459143934,-0.015873015873012264,0.005934065934066091
1648751323.143635,0.009727626459143934,0.015873015873012264,0.005934065934066091
1648751323.164512,0.009346150911726525,0.015873015873012264,0.005934065934066091
1648751323.185515,0.009346150911726525,-0.11111111111111427,0.005934065934066091
1648751323.20635,0.009346150911726525,-0.015873015873012264,0.005934065934066091
1648751323.227263,0.009346150911726525,0.015873015873012264,0.005934065934066091
1648751323.248098,0.009346150911726525,-0.015873015873012264,0.005934065934066091
1648751323.268992,0.009346150911726525,0.015873015873012264,0.005934065934066091
1648751323.289992,0.009346150911726525,0.015873015873012264,0.004615384615384688
1648751323.311016,0.009346150911726525,-0.015873015873012264,0.004615384615384688
1648751323.331889,0.009346150911726525,-0.015873015873012264,0.004615384615384688
1648751323.352887,0.009346150911726525,-0.015873015873012264,0.004615384615384688
1648751323.373753,0.009346150911726525,0.015873015873012264,0.004615384615384688
1648751323.394618,0.009346150911726525,-0.015873015873012264,0.004615384615384688
1648751323.415616,0.009346150911726525,0.07936507936507553,0.004615384615384688
1648751323.436481,0.009346150911726525,0.015873015873012264,0.003296703296703285
1648751323.457517,0.009346150911726525,-0.015873015873012264,0.004615384615384688
1648751323.478388,0.008964675364309116,-0.047619047619051,0.004615384615384688
1648751323.499233,0.008964675364309116,-0.047619047619051,0.003296703296703285
1648751323.520229,0.008964675364309116,-0.015873015873012264,0.003296703296703285
1648751323.541105,0.008964675364309116,0.015873015873012264,0.003296703296703285
1648751323.561983,0.008964675364309116,0.015873015873012264,0.003296703296703285
1648751323.582981,0.008964675364309116,-0.047619047619051,0.003296703296703285
1648751323.603866,0.008964675364309116,0.015873015873012264,0.003296703296703285
1648751323.624731,0.008964675364309116,0.015873015873012264,0.003296703296703285
1648751323.645643,0.008964675364309116,-0.015873015873012264,0.003296703296703285
1648751323.666619,0.008964675364309116,-0.047619047619051,0.003296703296703285
1648751323.687481,0.008964675364309116,0.015873015873012264,0.003296703296703285
1648751323.708518,0.008964675364309116,-0.015873015873012264,0.003296703296703285
1648751323.729267,0.008964675364309116,-0.11111111111111427,0.003296703296703285
1648751323.750145,0.008964675364309116,0.015873015873012264,0.003296703296703285
1648751323.771145,0.008964675364309116,-0.015873015873012264,0.001978021978021882
1648751323.79202,0.008964675364309116,-0.015873015873012264,0.001978021978021882
1648751323.812858,0.008583199816891707,-0.047619047619051,0.001978021978021882
1648751323.833865,0.008583199816891707,-0.047619047619051,0.001978021978021882
1648751323.85486,0.008964675364309116,0.07936507936507553,0.001978021978021882
1648751323.875648,0.008583199816891707,-0.015873015873012264,0.001978021978021882
1648751323.896521,0.008583199816891707,-0.015873015873012264,0.001978021978021882
1648751323.917369,0.008583199816891707,-0.015873015873012264,0.001978021978021882
1648751323.938361,0.008583199816891707,0.015873015873012264,0.001978021978021882
1648751323.959235,0.008583199816891707,-0.015873015873012264,0.001978021978021882
1648751323.980111,0.008583199816891707,0.015873015873012264,0.001978021978021882
1648751324.001022,0.008583199816891707,-0.015873015873012264,0.001978021978021882
1648751324.021811,0.008583199816891707,-0.015873015873012264,0.0006593406593404794
1648751324.042895,0.008583199816891707,0.015873015873012264,0.0006593406593404794
1648751324.063754,0.008583199816891707,-0.015873015873012264,0.0006593406593404794
1648751324.084738,0.008583199816891707,-0.015873015873012264,0.001978021978021882
1648751324.105611,0.008201724269474298,-0.047619047619051,0.0006593406593404794
1648751324.126506,0.008201724269474298,-0.015873015873012264,0.0006593406593404794
1648751324.147486,0.008201724269474298,-0.015873015873012264,0.0006593406593404794
1648751324.168362,0.008201724269474298,-0.047619047619051,0.0006593406593404794
1648751324.189274,0.008201724269474298,0.015873015873012264,0.0006593406593404794
1648751324.210129,0.008201724269474298,-0.047619047619051,0.0006593406593404794
1648751324.231112,0.008201724269474298,-0.015873015873012264,0.0006593406593404794
1648751324.252029,0.008201724269474298,-0.047619047619051,0.0006593406593404794
1648751324.272862,0.008201724269474298,0.07936507936507553,0.0006593406593404794
1648751324.293905,0.008201724269474298,-0.015873015873012264,0.0006593406593404794
1648751324.314783,0.008201724269474298,0.015873015873012264,0.0006593406593404794
1648751324.335606,0.008201724269474298,-0.015873015873012264,0.0006593406593404794
