Timestamp,POS,VEL,Torq
1648751447.160059,3.133249408712901,-0.047619047619051,-0.0006593406593404794
1648751447.180678,3.098916609445334,-2.0158730158730194,-0.009890109890109855
1648751447.201177,3.0504692149233232,-0.26984126984126533,0.01912087912087923
1648751447.221677,3.0470359349965666,-0.17460317460317754,-0.017802197802197828
1648751447.242302,2.989814602883955,-3.6666666666666643,0.005934065934066091
1648751447.262928,2.9482337682154576,1.5714285714285694,0.04021978021978034
1648751447.283428,2.9592965590905624,-0.904761904761898,-0.02043956043956019
1648751447.304053,2.8830014496070806,-3.4126984126984112,0.027032967032967203
1648751447.324679,2.865835049973297,1.349206349206355,0.0415384615384613
1648751447.345178,2.86392767223621,-1.603174603174601,-0.009890109890109855
1648751447.365678,2.792973220416572,-2.492063492063494,0.05208791208791208
1648751447.386743,2.797550926985581,1.0,0.020439560439560633
1648751447.407616,2.7689402609292753,-1.9206349206349174,-0.008571428571428452
1648751447.428478,2.7185854886701755,-0.7460317460317469,0.03362637362637377
1648751447.449862,2.725452048523689,-0.4285714285714306,-0.008571428571428452
1648751447.470742,2.6823453116655216,-2.7777777777777786,0.005934065934066091
1648751447.491732,2.6487754634927896,1.8253968253968225,0.020439560439560633
1648751447.512518,2.649919890135042,-1.5079365079365061,-0.028351648351648162
1648751447.533391,2.5900282291905086,-2.904761904761905,0.011208791208791258
1648751447.554393,2.5759136339360644,1.1904761904761898,0.017802197802197828
1648751447.575234,2.5648508430609596,-1.1587301587301582,-0.017802197802197828
1648751447.596242,2.516784924086366,-0.9682539682539613,0.01912087912087923
1648751447.617115,2.5183108262760356,0.1428571428571388,-0.01648351648351687
1648751447.638127,2.4809262226291295,-1.9206349206349174,-0.01648351648351687
1648751447.659123,2.452315556572824,-0.17460317460317754,0.005934065934066091
1648751447.680145,2.4389639124132145,-0.7460317460317469,-0.01912087912087923
1648751447.700984,2.4145494773785003,-0.7460317460317469,-0.015164835164835022
1648751447.721824,2.3905165178912036,-1.253968253968253,-0.01648351648351687
1648751447.742896,2.353513389791715,-0.015873015873012264,0.005934065934066091
1648751447.763684,2.350080109864958,-0.1428571428571388,-0.02307692307692344
1648751447.784059,2.3035400930800343,-3.095238095238095,-0.004615384615384688
1648751447.804968,2.269588769359885,1.0,0.03494505494505473
1648751447.825709,2.275310902571146,-0.2380952380952408,-0.009890109890109855
1648751447.846732,2.2253376058594636,-2.3650793650793673,0.027032967032967203
1648751447.867734,2.20969710841535,1.349206349206355,0.0257142857142858
1648751447.888489,2.2016861219195842,-1.3809523809523796,-0.005934065934066091
1648751447.909498,2.158579385061417,-1.0317460317460316,0.029670329670329565
1648751447.930499,2.150186923018234,0.5873015873015817,0.015164835164835022
1648751447.951363,2.1322575722896158,-0.6825396825396837,-0.0006593406593404794
1648751447.972233,2.1032654306858927,-1.6349206349206327,0.013846153846154063
1648751447.993126,2.084954604409857,0.9682539682539613,0.01252747252747266
1648751448.014125,2.0716029602502477,-0.30158730158730407,-0.005934065934066091
1648751448.03511,2.042992294193942,-1.5396825396825378,0.005934065934066091
1648751448.055876,2.01972228580148,0.6190476190476204,0.016483516483516425
1648751448.0769,2.0208667124437323,-0.6190476190476204,-0.02043956043956019
1648751448.097773,1.9750896467536432,-2.301587301587304,0.011208791208791258
1648751448.118737,1.9697489890897995,1.6349206349206327,0.008571428571428452
1648751448.139501,1.9560158693827727,-1.1587301587301582,-0.021758241758241592
1648751448.16036,1.9129091325246055,-1.6666666666666643,0.015164835164835022
1648751448.18136,1.9178683146410318,0.5873015873015817,-0.004615384615384688
1648751448.202249,1.8949797817959873,-0.6825396825396837,-0.01384615384615362
1648751448.223143,1.866750591287099,-0.8412698412698347,0.003296703296703285
1648751448.244006,1.8598840314335856,0.46031746031745513,-0.007252747252747049
1648751448.264877,1.8423361562523848,-0.6825396825396837,-0.017802197802197828
1648751448.285873,1.8213550011444273,-0.9682539682539613,-0.009890109890109855
1648751448.306736,1.8003738460364698,-0.7460317460317469,-0.009890109890109855
1648751448.327738,1.7938887617303738,0.6190476190476204,-0.017802197802197828
1648751448.348621,1.7786297398336774,-0.7460317460317469,-0.03362637362637333
1648751448.369488,1.746204318303196,-1.4761904761904745,-0.009890109890109855
1648751448.390481,1.7381933318074303,1.1269841269841265,-0.009890109890109855
1648751448.41138,1.7271305409323254,-1.2222222222222214,-0.03362637362637333
1648751448.432403,1.6939421683070108,-1.1587301587301582,-0.005934065934066091
1648751448.453262,1.6779201953154796,0.07936507936507553,-0.001978021978021882
1648751448.474239,1.6756313420309752,-0.047619047619051,-0.02703296703296676
1648751448.495129,1.6538872358281829,-1.6349206349206327,-0.024395604395604398
1648751448.515952,1.6126878767071027,-1.0317460317460316,0.015164835164835022
1648751448.536901,1.6180285343709464,0.8412698412698347,-0.007252747252747049
1648751448.557754,1.597047379262989,-1.8888888888888857,-0.007252747252747049
1648751448.578777,1.5619516289005873,-0.5238095238095184,0.024395604395604398
1648751448.599754,1.5630960555428395,0.1428571428571388,0.003296703296703285
1648751448.620738,1.5466926070038909,-0.6825396825396837,-0.001978021978021882
1648751448.641498,1.5218966964217593,-1.1269841269841265,0.016483516483516425
1648751448.662507,1.5119783321889066,0.5238095238095184,0.01252747252747266
1648751448.683531,1.4993896391241321,-0.49206349206349387,0.0006593406593404794
1648751448.704333,1.4848935683222706,-0.4285714285714306,0.001978021978021882
1648751448.725257,1.466582742046235,-1.095238095238095,0.011208791208791258
1648751448.746256,1.4459830624856949,0.9365079365079367,0.017802197802197828
1648751448.76713,1.4456015869382774,0.5873015873015817,-0.001978021978021882
1648751448.788121,1.4280537117570766,-1.0,-0.0006593406593404794
1648751448.80907,1.4021133745326928,-0.4285714285714306,0.017802197802197828
1648751448.830132,1.3960097657740143,0.6190476190476204,0.008571428571428452
1648751448.85102,1.3838025482566572,-0.5238095238095184,-0.001978021978021882
1648751448.872029,1.3746471351186393,0.36507936507936734,-0.005934065934066091
1648751448.892881,1.3620584420538648,-1.0317460317460316,-0.008571428571428452
1648751448.913716,1.3273441672388806,-0.015873015873012264,0.020439560439560633
1648751448.934777,1.3303959716182199,0.07936507936507553,0.0006593406593404794
1648751448.955656,1.3197146562905324,-0.6507936507936449,-0.005934065934066091
1648751448.976512,1.3143739986266887,0.015873015873012264,-0.01648351648351687
1648751448.997504,1.2872892347600526,-2.047619047619051,0.0006593406593404794
1648751449.018511,1.2724116884107737,1.8253968253968225,0.013846153846154063
1648751449.039372,1.2705043106736866,-1.1269841269841265,-0.01648351648351687
1648751449.060282,1.2483787289234751,0.20634920634920206,0.003296703296703285
1648751449.081263,1.250286106660564,0.1428571428571388,-0.017802197802197828
1648751449.102335,1.2235828183413435,-1.7301587301587276,-0.001978021978021882
1648751449.123282,1.2178606851300824,1.5079365079365061,0.005934065934066091
1648751449.144122,1.2087052719920646,-0.6507936507936449,-0.017802197802197828
1648751449.165123,1.1930647745479508,0.07936507936507553,-0.005934065934066091
1648751449.186022,1.190394445716029,0.11111111111111427,-0.021758241758241592
1648751449.206908,1.1697947661554888,-1.7301587301587276,-0.009890109890109855
1648751449.227748,1.1552986953536273,1.5714285714285694,0.003296703296703285
1648751449.248758,1.154154268711375,-0.8412698412698347,-0.024395604395604398
1648751449.269745,1.1346990157930872,0.015873015873012264,-0.005934065934066091
1648751449.290639,1.1343175402456698,-0.015873015873012264,-0.02307692307692344
1648751449.311507,1.1163881895170515,-1.2857142857142847,-0.01384615384615362
1648751449.332375,1.097314412146181,0.8095238095238102,0.003296703296703285
1648751449.353385,1.1003662165255204,-0.2380952380952408,-0.0257142857142858
1648751449.374261,1.0843442435339892,0.11111111111111427,-0.01912087912087923
1648751449.395261,1.085107194628824,-0.17460317460317754,-0.03362637362637333
1648751449.416126,1.0713740749217973,-0.9682539682539613,-0.03362637362637333
1648751449.437005,1.0408560311284045,-0.6507936507936449,-0.004615384615384688
1648751449.458041,1.0481040665293353,0.2380952380952408,-0.01648351648351687
1648751449.478999,1.0309376668955519,-0.6825396825396837,-0.02307692307692344
1648751449.499888,1.030174715800717,0.11111111111111427,-0.028351648351648162
1648751449.520735,1.0202563515678644,-0.6190476190476204,-0.03230769230769237
1648751449.541639,1.003089951934081,-0.7777777777777715,-0.02307692307692344
1648751449.562663,0.979819943541619,-0.6190476190476204,0.0006593406593404794
1648751449.583536,0.9817273212787061,-0.1428571428571388,-0.011208791208791258
1648751449.60439,0.976005188067445,0.2380952380952408,-0.02307692307692344
1648751449.625377,0.9691386282139316,-1.095238095238095,-0.02967032967033001
1648751449.646266,0.9485389486533915,-0.904761904761898,-0.009890109890109855
1648751449.667132,0.9367132066834518,0.1428571428571388,-0.001978021978021882
1648751449.688015,0.9344243533989474,-0.7460317460317469,-0.01384615384615362
1648751449.709017,0.910772869459068,-0.49206349206349387,0.005934065934066091
1648751449.729845,0.9145876249332421,-0.11111111111111427,-0.008571428571428452
1648751449.750884,0.9012359807736328,-0.6507936507936449,-0.007252747252747049
1648751449.771915,0.8985656519417109,0.015873015873012264,-0.01648351648351687
1648751449.792767,0.8794918745708404,-1.6349206349206327,-0.001978021978021882
1648751449.813754,0.8661402304112311,1.2222222222222285,0.017802197802197828
1648751449.834664,0.8684290836957356,-0.5555555555555571,-0.007252747252747049
1648751449.855498,0.8508812085145347,0.5873015873015817,0.003296703296703285
1648751449.876513,0.8524071107042044,0.07936507936507553,-0.009890109890109855
1648751449.897416,0.837148088807508,-1.1587301587301582,0.001978021978021882
1648751449.918264,0.8138780804150461,0.36507936507936734,0.021758241758241592
1648751449.939267,0.8157854581521331,-0.047619047619051,0.009890109890109855
1648751449.960164,0.8108262760357068,0.07936507936507553,0.005934065934066091
1648751449.981131,0.8031967650873586,-0.5238095238095184,-0.0006593406593404794
1648751450.002004,0.8031967650873586,0.07936507936507553,-0.009890109890109855
1648751450.022879,0.7890821698329145,-0.9682539682539613,-0.003296703296703285
1648751450.043883,0.7734416723888007,0.015873015873012264,0.011208791208791258
1648751450.064768,0.7742046234836355,-0.11111111111111427,-0.0006593406593404794
1648751450.086373,0.7539864194705128,-1.0,0.013846153846154063
1648751450.107293,0.753223468375678,0.6507936507936449,0.013846153846154063
1648751450.128124,0.7475013351644151,-1.0317460317460316,0.0006593406593404794
1648751450.149155,0.7463569085221629,0.6507936507936449,-0.004615384615384688
1648751450.170022,0.7391088731212321,-0.8412698412698347,-0.008571428571428452
1648751450.191047,0.7272831311512924,-0.047619047619051,-0.001978021978021882
1648751450.21189,0.7265201800564576,-0.047619047619051,-0.011208791208791258
1648751450.232773,0.7082093537804219,-1.4761904761904745,0.007252747252747049
1648751450.253772,0.7001983672846563,1.1269841269841265,0.016483516483516425
1648751450.274787,0.7024872205691608,-0.8412698412698347,-0.005934065934066091
1648751450.295635,0.6857022964827948,0.8095238095238102,0.008571428571428452
1648751450.316594,0.686846723125047,-0.015873015873012264,-0.009890109890109855
1648751450.337548,0.6815060654612033,-0.4285714285714306,-0.007252747252747049
1648751450.3584,0.6773098344396118,0.1428571428571388,-0.009890109890109855
1648751450.379398,0.6715877012283507,-0.8412698412698347,-0.011208791208791258
1648751450.400295,0.6490806439307235,-0.7460317460317469,0.013846153846154063
1648751450.421138,0.6506065461203931,-0.11111111111111427,0.004615384615384688
1648751450.44215,0.6441214618142972,-0.4285714285714306,0.001978021978021882
1648751450.463136,0.6372549019607838,0.20634920634920206,0.003296703296703285
1648751450.484174,0.6322957198443575,-0.4285714285714306,-0.0006593406593404794
1648751450.504886,0.6311512932021053,0.11111111111111427,-0.007252747252747049
1648751450.52584,0.628099488822766,0.015873015873012264,-0.01648351648351687
1648751450.546764,0.6200885023270004,-0.7777777777777715,-0.01648351648351687
1648751450.567762,0.609407186999313,-0.11111111111111427,-0.007252747252747049
1648751450.588763,0.6086442359044781,0.07936507936507553,-0.015164835164835022
1648751450.609673,0.5918593118181121,-1.3809523809523796,0.001978021978021882
1648751450.63051,0.5834668497749291,0.8412698412698347,0.013846153846154063
1648751450.651519,0.586137178606851,-0.26984126984126533,-0.004615384615384688
1648751450.67238,0.5720225833524069,0.2380952380952408,0.005934065934066091
1648751450.693405,0.5735484855420765,0.07936507936507553,-0.003296703296703285
1648751450.714304,0.5716411078049894,0.11111111111111427,-0.008571428571428452
1648751450.735134,0.5697337300679024,-0.015873015873012264,-0.017802197802197828
1648751450.756137,0.5621042191195542,-0.7460317460317469,-0.01648351648351687
1648751450.777026,0.5537117570763712,-0.2380952380952408,-0.009890109890109855
1648751450.797883,0.5518043793392842,0.07936507936507553,-0.015164835164835022
1648751450.818901,0.5468451972228578,-0.6190476190476204,-0.015164835164835022
1648751450.839756,0.5254825665674829,-0.5555555555555571,0.008571428571428452
1648751450.860782,0.5262455176623178,0.1428571428571388,0.004615384615384688
1648751450.881671,0.5228122377355611,0.11111111111111427,-0.0006593406593404794
1648751450.902678,0.5216678110933088,0.07936507936507553,-0.008571428571428452
1648751450.923547,0.5136568245975432,-0.4285714285714306,-0.008571428571428452
1648751450.944551,0.5136568245975432,-0.047619047619051,-0.01384615384615362
1648751450.965389,0.512512397955291,0.07936507936507553,-0.02043956043956019
1648751450.986279,0.5098420691233692,-0.047619047619051,-0.02703296703296676
1648751451.007277,0.5003051804379339,-0.1428571428571388,-0.021758241758241592
1648751451.028151,0.5010681315327687,0.07936507936507553,-0.028351648351648162
1648751451.049149,0.49229419394216833,-0.904761904761898,-0.021758241758241592
1648751451.070016,0.47131303883421083,-0.17460317460317754,0.003296703296703285
1648751451.090898,0.4743648432135501,-0.17460317460317754,-0.005934065934066091
1648751451.111779,0.47245746547646306,0.11111111111111427,-0.009890109890109855
1648751451.1328,0.4701686121919586,-0.2380952380952408,-0.01384615384615362
1648751451.153768,0.46025024795910596,0.20634920634920206,-0.005934065934066091
1648751451.174651,0.4617761501487756,-0.047619047619051,-0.017802197802197828
1648751451.195676,0.45490959029526223,-0.5238095238095184,-0.01648351648351687
1648751451.216532,0.45529106584267964,0.11111111111111427,-0.02043956043956019
1648751451.237517,0.4533836881055926,0.07936507936507553,-0.0257142857142858
1648751451.258427,0.45147631036850555,-0.11111111111111427,-0.03230769230769237
1648751451.279393,0.44232089723048773,-0.26984126984126533,-0.0257142857142858
1648751451.300273,0.44232089723048773,0.1428571428571388,-0.02967032967033001
1648751451.321139,0.4335469596398873,-0.5555555555555571,-0.0257142857142858
1648751451.342183,0.420195315480278,-0.1428571428571388,-0.007252747252747049
1648751451.363144,0.420195315480278,-0.047619047619051,-0.011208791208791258
1648751451.384024,0.41371023117418204,0.015873015873012264,-0.009890109890109855
1648751451.404901,0.41447318226901686,-0.015873015873012264,-0.015164835164835022
1648751451.425774,0.40951400015259054,-0.4285714285714306,-0.015164835164835022
1648751451.446768,0.4041733424887468,0.39682539682539186,-0.01252747252747266
1648751451.467773,0.4037918669413294,-0.015873015873012264,-0.01912087912087923
1648751451.488659,0.3995956359197379,-0.30158730158730407,-0.01912087912087923
1648751451.509513,0.39730678263523345,-0.047619047619051,-0.021758241758241592
1648751451.530526,0.39654383154039863,0.07936507936507553,-0.028351648351648162
1648751451.551523,0.3953994048981464,0.015873015873012264,-0.03494505494505473
1648751451.57241,0.39387350270847676,-0.015873015873012264,-0.03890109890109894
1648751451.593273,0.38891432059205044,-0.5238095238095184,-0.03626373626373658
1648751451.614311,0.38548104066529376,0.39682539682539186,-0.03494505494505473
1648751451.63515,0.3828107118333719,-0.11111111111111427,-0.04021978021978034
1648751451.656038,0.37251087205310185,-0.6507936507936449,-0.028351648351648162
1648751451.676914,0.3572518501564055,-0.39682539682539186,-0.007252747252747049
1648751451.697912,0.3583962767986577,-0.047619047619051,-0.011208791208791258
1648751451.718864,0.3572518501564055,0.07936507936507553,-0.015164835164835022
1648751451.739806,0.35572594796673584,-0.015873015873012264,-0.02043956043956019
1648751451.760811,0.353055619134814,-0.30158730158730407,-0.021758241758241592
1648751451.781816,0.34390020599679616,0.11111111111111427,-0.01252747252747266
1648751451.802659,0.3461890592813006,-0.11111111111111427,-0.021758241758241592
1648751451.823539,0.3416113527122917,-0.26984126984126533,-0.02043956043956019
1648751451.844526,0.33932249942778725,0.11111111111111427,-0.02043956043956019
1648751451.865391,0.338178072785535,0.07936507936507553,-0.0257142857142858
1648751451.886438,0.3374151216907002,-0.015873015873012264,-0.030989010989010968
1648751451.907268,0.3366521705958654,-0.047619047619051,-0.03626373626373658
1648751451.92815,0.33436331731136093,-0.17460317460317754,-0.03890109890109894
1648751451.949148,0.32673380636301275,-0.36507936507936734,-0.03362637362637333
1648751451.970148,0.327878233005265,-0.11111111111111427,-0.03494505494505473
1648751451.991024,0.3252079041733431,0.07936507936507553,-0.03758241758241754
1648751452.011912,0.32215609979400384,-0.5555555555555571,-0.03626373626373658
1648751452.03277,0.30651560234989006,-0.7460317460317469,-0.01912087912087923
1648751452.053791,0.3042267490653856,0.07936507936507553,-0.015164835164835022
1648751452.074778,0.2988860914015419,-0.4285714285714306,-0.01252747252747266
1648751452.095664,0.2988860914015419,0.07936507936507553,-0.01384615384615362
1648751452.116533,0.29621576256962,0.015873015873012264,-0.01648351648351687
1648751452.137415,0.2916380560006111,-0.7777777777777715,-0.01384615384615362
1648751452.158415,0.28477149614709774,0.1428571428571388,-0.004615384615384688
1648751452.179287,0.2862973983367674,-0.047619047619051,-0.01384615384615362
1648751452.200289,0.28133821622034105,0.015873015873012264,-0.011208791208791258
1648751452.221165,0.28133821622034105,-0.015873015873012264,-0.015164835164835022
1648751452.242151,0.28095674067292364,-0.047619047619051,-0.01912087912087923
1648751452.263066,0.2801937895780888,-0.015873015873012264,-0.02307692307692344
1648751452.28404,0.2790493629358366,-0.015873015873012264,-0.02703296703296676
1648751452.304941,0.2782864118410018,-0.015873015873012264,-0.02967032967033001
1648751452.325733,0.2759975585564973,-0.2380952380952408,-0.030989010989010968
1648751452.346777,0.26836804760814914,0.2380952380952408,-0.024395604395604398
1648751452.367779,0.26951247425040137,0.015873015873012264,-0.028351648351648162
1648751452.388792,0.26874952315556655,-0.047619047619051,-0.030989010989010968
1648751452.409682,0.2668421454184795,-0.1428571428571388,-0.03362637362637333
1648751452.430667,0.2576867322804617,-0.6507936507936449,-0.024395604395604398
1648751452.451533,0.244716563668268,-0.36507936507936734,-0.0006593406593404794
1648751452.472412,0.24357213702601577,-0.015873015873012264,-0.001978021978021882
1648751452.493443,0.24280918593118095,0.11111111111111427,-0.004615384615384688
1648751452.514281,0.24166475928892872,-0.015873015873012264,-0.007252747252747049
1648751452.535163,0.2409018081940939,-0.015873015873012264,-0.011208791208791258
1648751452.556162,0.23975738155184168,0.07936507936507553,-0.01384615384615362
1648751452.577164,0.23746852826733722,-0.17460317460317754,-0.01384615384615362
1648751452.598048,0.22755016403448458,-0.015873015873012264,-0.0006593406593404794
1648751452.618915,0.23060196841382385,-0.2380952380952408,-0.007252747252747049
1648751452.639919,0.2283131151293194,0.11111111111111427,-0.009890109890109855
1648751452.660821,0.22716868848706717,-0.1428571428571388,-0.011208791208791258
1648751452.681663,0.22220950637064085,0.20634920634920206,-0.007252747252747049
1648751452.702671,0.22259098191805826,0.07936507936507553,-0.009890109890109855
1648751452.723547,0.22182803082322344,-0.11111111111111427,-0.01252747252747266
1648751452.744446,0.22144655527580603,0.015873015873012264,-0.01648351648351687
1648751452.765115,0.22068360418097122,0.015873015873012264,-0.01912087912087923
1648751452.785734,0.219539177538719,-0.015873015873012264,-0.021758241758241592
1648751452.806109,0.2161058976119623,-0.49206349206349387,-0.01912087912087923
1648751452.82717,0.21038376440070117,0.20634920634920206,-0.01252747252747266
1648751452.848072,0.21076523994811858,-0.015873015873012264,-0.01648351648351687
1648751452.868916,0.21038376440070117,-0.047619047619051,-0.01912087912087923
1648751452.889911,0.2080949111161967,-0.26984126984126533,-0.01912087912087923
1648751452.910823,0.1989394979781789,-0.26984126984126533,-0.005934065934066091
1648751452.931824,0.19283588921950034,0.2380952380952408,0.001978021978021882
1648751452.95266,0.19321736476691775,-0.047619047619051,-0.0006593406593404794
1648751452.973551,0.19283588921950034,-0.047619047619051,-0.004615384615384688
1648751452.994533,0.19207293812466553,-0.047619047619051,-0.007252747252747049
1648751453.015448,0.1905470359349959,-0.047619047619051,-0.008571428571428452
1648751453.036289,0.1863508049134044,-0.5555555555555571,-0.003296703296703285
1648751453.057325,0.18177309834439548,0.36507936507936734,0.003296703296703285
1648751453.078169,0.1821545738918129,-0.047619047619051,-0.001978021978021882
1648751453.099161,0.18177309834439548,-0.015873015873012264,-0.004615384615384688
1648751453.120011,0.18024719615472584,-0.1428571428571388,-0.005934065934066091
1648751453.140923,0.17338063630121248,-0.30158730158730407,0.0006593406593404794
1648751453.161793,0.1741435873960473,-0.047619047619051,0.0006593406593404794
1648751453.182801,0.17299916075379507,0.11111111111111427,-0.0006593406593404794
1648751453.203786,0.17223620965896025,-0.015873015873012264,-0.003296703296703285
1648751453.224702,0.17109178301670802,-0.1428571428571388,-0.004615384615384688
1648751453.245549,0.1657511253528643,-0.30158730158730407,-0.0006593406593404794
1648751453.266536,0.1661326009002817,-0.11111111111111427,-0.0006593406593404794
1648751453.287406,0.1657511253528643,-0.015873015873012264,-0.003296703296703285
1648751453.308413,0.16536964980544688,0.07936507936507553,-0.005934065934066091
1648751453.329303,0.16498817425802947,0.015873015873012264,-0.008571428571428452
1648751453.350168,0.16422522316319466,0.015873015873012264,-0.011208791208791258
1648751453.371166,0.16384374761577725,0.015873015873012264,-0.01252747252747266
1648751453.392078,0.16308079652094243,0.015873015873012264,-0.015164835164835022
1648751453.413167,0.16269932097352502,-0.015873015873012264,-0.017802197802197828
1648751453.434041,0.1615548943312728,-0.11111111111111427,-0.01912087912087923
1648751453.454924,0.15850308995193352,-0.49206349206349387,-0.015164835164835022
1648751453.475797,0.15430685893034202,0.36507936507936734,-0.008571428571428452
1648751453.496806,0.1539253833829246,0.015873015873012264,-0.011208791208791258
1648751453.517683,0.1535439078355072,-0.047619047619051,-0.01384615384615362
1648751453.538665,0.15278095674067238,-0.015873015873012264,-0.01648351648351687
1648751453.559665,0.15201800564583756,-0.11111111111111427,-0.017802197802197828
1648751453.580556,0.14438849469748938,-0.8730158730158735,-0.005934065934066091
1648751453.601431,0.13103685053788006,-0.11111111111111427,0.016483516483516425
1648751453.622326,0.13599603265430638,-0.11111111111111427,0.009890109890109855
1648751453.643171,0.13447013046463674,0.07936507936507553,0.007252747252747049
1648751453.664205,0.13370717936980192,-0.015873015873012264,0.005934065934066091
1648751453.685056,0.1333257038223845,-0.047619047619051,0.004615384615384688
1648751453.706048,0.13179980163271487,-0.1428571428571388,0.003296703296703285
1648751453.72704,0.12531471732661892,-0.015873015873012264,0.011208791208791258
1648751453.747954,0.12607766842145374,0.015873015873012264,0.009890109890109855
1648751453.768799,0.12607766842145374,-0.047619047619051,0.007252747252747049
1648751453.7898,0.12569619287403633,-0.015873015873012264,0.004615384615384688
1648751453.810753,0.12531471732661892,-0.11111111111111427,0.003296703296703285
1648751453.831545,0.12493324177920151,-0.015873015873012264,0.001978021978021882
1648751453.852421,0.12417029068436669,-0.015873015873012264,0.0006593406593404794
1648751453.873321,0.12378881513694928,-0.015873015873012264,-0.0006593406593404794
1648751453.894163,0.12226291294727964,-0.17460317460317754,-0.0006593406593404794
1648751453.915185,0.11501487754634887,-0.047619047619051,0.007252747252747049
1648751453.936058,0.11654077973601851,-0.047619047619051,0.005934065934066091
1648751453.956922,0.1161593041886011,-0.015873015873012264,0.004615384615384688
1648751453.977955,0.11577782864118369,0.015873015873012264,0.001978021978021882
1648751453.998807,0.11577782864118369,-0.047619047619051,0.0006593406593404794
1648751454.019798,0.11539635309376628,-0.015873015873012264,-0.0006593406593404794
1648751454.040559,0.11501487754634887,-0.015873015873012264,-0.001978021978021882
1648751454.061419,0.11425192645151405,-0.015873015873012264,-0.003296703296703285
1648751454.08244,0.11348897535667923,0.015873015873012264,-0.004615384615384688
1648751454.103425,0.112344548714427,-0.11111111111111427,-0.004615384615384688
1648751454.124336,0.10700389105058328,-0.30158730158730407,0.0006593406593404794
1648751454.145211,0.1077668421454181,-0.047619047619051,0.0006593406593404794
1648751454.166173,0.10738536659800069,-0.11111111111111427,-0.0006593406593404794
1648751454.187209,0.10700389105058328,0.07936507936507553,-0.001978021978021882
1648751454.207932,0.10700389105058328,0.015873015873012264,-0.003296703296703285
1648751454.228962,0.10662241550316587,-0.047619047619051,-0.004615384615384688
1648751454.249812,0.10624093995574846,-0.047619047619051,-0.008571428571428452
1648751454.270838,0.10624093995574846,0.015873015873012264,-0.008571428571428452
1648751454.291681,0.10585946440833105,-0.015873015873012264,-0.009890109890109855
1648751454.312556,0.10547798886091364,-0.015873015873012264,-0.011208791208791258
1648751454.333551,0.10509651331349623,0.015873015873012264,-0.01252747252747266
1648751454.35443,0.10471503776607882,0.015873015873012264,-0.01384615384615362
1648751454.375426,0.10433356221866141,0.015873015873012264,-0.015164835164835022
1648751454.396329,0.1035706111238266,-0.015873015873012264,-0.01648351648351687
1648751454.417299,0.10204470893415696,-0.17460317460317754,-0.015164835164835022
1648751454.438177,0.095559624628061,0.015873015873012264,-0.005934065934066091
1648751454.459213,0.09670405127031323,-0.047619047619051,-0.007252747252747049
1648751454.479935,0.09670405127031323,-0.015873015873012264,-0.008571428571428452
1648751454.500926,0.09632257572289582,-0.015873015873012264,-0.009890109890109855
1648751454.521798,0.09594110017547841,-0.015873015873012264,-0.011208791208791258
1648751454.542814,0.095559624628061,0.015873015873012264,-0.01384615384615362
1648751454.563803,0.09517814908064359,-0.047619047619051,-0.01384615384615362
1648751454.584691,0.09479667353322618,-0.047619047619051,-0.015164835164835022
1648751454.605547,0.09327077134355655,-0.17460317460317754,-0.01384615384615362
1648751454.626555,0.08487830930037354,-0.17460317460317754,-0.0006593406593404794
1648751454.647571,0.087167162584878,-0.047619047619051,-0.003296703296703285
1648751454.668461,0.08602273594262577,0.11111111111111427,-0.004615384615384688
1648751454.68944,0.08564126039520836,-0.047619047619051,-0.005934065934066091
1648751454.710431,0.08564126039520836,-0.015873015873012264,-0.007252747252747049
1648751454.731302,0.08449683375295614,-0.047619047619051,-0.005934065934066091
1648751454.752218,0.07572289616235572,-0.6825396825396837,0.005934065934066091
1648751454.773069,0.0745784695201035,0.46031746031745513,0.009890109890109855
1648751454.794095,0.07610437170977313,-0.015873015873012264,0.003296703296703285
1648751454.814936,0.07648584725719054,-0.015873015873012264,0.003296703296703285
1648751454.835943,0.07610437170977313,-0.015873015873012264,0.001978021978021882
1648751454.856819,0.07572289616235572,0.015873015873012264,0.001978021978021882
1648751454.87781,0.07534142061493831,-0.047619047619051,0.0006593406593404794
1648751454.898692,0.07381551842526868,-0.1428571428571388,0.001978021978021882
1648751454.919566,0.0661860074769205,0.015873015873012264,0.01252747252747266
1648751454.940556,0.06809338521400754,0.015873015873012264,0.011208791208791258
1648751454.961445,0.06771190966659013,-0.047619047619051,0.009890109890109855
1648751454.982433,0.06771190966659013,-0.015873015873012264,0.008571428571428452
1648751455.003321,0.06733043411917272,0.07936507936507553,0.007252747252747049
1648751455.024192,0.06733043411917272,-0.015873015873012264,0.007252747252747049
1648751455.04519,0.06694895857175531,0.07936507936507553,0.005934065934066091
1648751455.066181,0.06694895857175531,-0.015873015873012264,0.004615384615384688
1648751455.087092,0.0665674830243379,0.015873015873012264,0.003296703296703285
1648751455.108147,0.0665674830243379,0.015873015873012264,0.001978021978021882
1648751455.128804,0.06580453192950309,-0.047619047619051,0.001978021978021882
1648751455.149811,0.06580453192950309,-0.015873015873012264,0.001978021978021882
1648751455.170809,0.06427862973983345,-0.11111111111111427,0.003296703296703285
1648751455.191696,0.05779354543373749,-0.015873015873012264,0.011208791208791258
1648751455.212576,0.05893797207598972,-0.015873015873012264,0.009890109890109855
1648751455.233428,0.05893797207598972,-0.015873015873012264,0.009890109890109855
1648751455.254449,0.05855649652857231,-0.015873015873012264,0.008571428571428452
1648751455.27532,0.05855649652857231,0.015873015873012264,0.007252747252747049
1648751455.296222,0.05855649652857231,-0.015873015873012264,0.007252747252747049
1648751455.317184,0.0581750209811549,-0.11111111111111427,0.005934065934066091
1648751455.338063,0.0581750209811549,-0.015873015873012264,0.004615384615384688
1648751455.358928,0.0581750209811549,-0.047619047619051,0.003296703296703285
1648751455.379947,0.0581750209811549,0.07936507936507553,0.001978021978021882
1648751455.400849,0.05779354543373749,0.07936507936507553,0.001978021978021882
1648751455.421815,0.05741206988632008,0.015873015873012264,0.001978021978021882
1648751455.442691,0.057030594338902674,-0.015873015873012264,0.0006593406593404794
1648751455.463686,0.057030594338902674,0.07936507936507553,-0.0006593406593404794
1648751455.484566,0.056649118791485265,-0.015873015873012264,-0.0006593406593404794
1648751455.505452,0.056267643244067855,-0.11111111111111427,-0.0006593406593404794
1648751455.526429,0.05474174105439822,-0.2380952380952408,-0.0006593406593404794
1648751455.547476,0.051308461127641536,-0.17460317460317754,0.004615384615384688
1648751455.568327,0.051308461127641536,-0.11111111111111427,0.005934065934066091
1648751455.589312,0.051308461127641536,-0.015873015873012264,0.004615384615384688
1648751455.610226,0.05092698558022413,-0.047619047619051,0.003296703296703285
1648751455.631077,0.05092698558022413,-0.047619047619051,0.003296703296703285
1648751455.652064,0.05092698558022413,-0.015873015873012264,0.001978021978021882
1648751455.672976,0.05054551003280672,-0.047619047619051,0.001978021978021882
1648751455.693836,0.05054551003280672,-0.047619047619051,0.0006593406593404794
1648751455.714823,0.05016403448538931,-0.047619047619051,0.0006593406593404794
1648751455.735813,0.05016403448538931,-0.015873015873012264,-0.0006593406593404794
1648751455.756688,0.05016403448538931,-0.047619047619051,-0.001978021978021882
1648751455.777605,0.05016403448538931,-0.015873015873012264,-0.001978021978021882
1648751455.798561,0.0497825589379719,0.015873015873012264,-0.003296703296703285
1648751455.819473,0.0497825589379719,0.07936507936507553,-0.004615384615384688
1648751455.840311,0.04940108339055449,-0.015873015873012264,-0.004615384615384688
1648751455.861326,0.04940108339055449,-0.015873015873012264,-0.004615384615384688
1648751455.882183,0.04901960784313708,-0.11111111111111427,-0.005934065934066091
1648751455.903189,0.04901960784313708,-0.11111111111111427,-0.007252747252747049
1648751455.924069,0.04901960784313708,-0.015873015873012264,-0.007252747252747049
1648751455.944976,0.04901960784313708,0.015873015873012264,-0.007252747252747049
1648751455.965815,0.04863813229571967,-0.11111111111111427,-0.008571428571428452
1648751455.986827,0.04863813229571967,-0.047619047619051,-0.009890109890109855
1648751456.007814,0.04863813229571967,-0.015873015873012264,-0.009890109890109855
1648751456.028692,0.04825665674830226,-0.015873015873012264,-0.009890109890109855
1648751456.04958,0.04825665674830226,-0.047619047619051,-0.011208791208791258
1648751456.070569,0.04825665674830226,0.015873015873012264,-0.011208791208791258
1648751456.091476,0.04787518120088485,0.015873015873012264,-0.01252747252747266
1648751456.11227,0.04787518120088485,0.015873015873012264,-0.01252747252747266
1648751456.133317,0.047493705653467444,-0.047619047619051,-0.01384615384615362
1648751456.154206,0.047493705653467444,-0.015873015873012264,-0.01384615384615362
1648751456.175229,0.047112230106050035,-0.11111111111111427,-0.01384615384615362
1648751456.196066,0.047112230106050035,-0.047619047619051,-0.015164835164835022
1648751456.216957,0.047112230106050035,-0.015873015873012264,-0.015164835164835022
1648751456.237812,0.046730754558632626,0.015873015873012264,-0.01648351648351687
1648751456.258854,0.046730754558632626,-0.015873015873012264,-0.015164835164835022
1648751456.279858,0.046349279011215216,-0.047619047619051,-0.01648351648351687
1648751456.300819,0.04596780346379781,-0.11111111111111427,-0.01648351648351687
1648751456.321693,0.04444190127412817,-0.11111111111111427,-0.01384615384615362
1648751456.342693,0.03910124361028444,0.20634920634920206,-0.004615384615384688
1648751456.363585,0.03986419470511926,-0.015873015873012264,-0.005934065934066091
1648751456.384452,0.03948271915770185,-0.015873015873012264,-0.005934065934066091
1648751456.405445,0.03948271915770185,-0.047619047619051,-0.007252747252747049
1648751456.426335,0.03948271915770185,-0.047619047619051,-0.007252747252747049
1648751456.447321,0.03948271915770185,-0.015873015873012264,-0.008571428571428452
1648751456.468233,0.03910124361028444,-0.015873015873012264,-0.008571428571428452
1648751456.489235,0.03910124361028444,-0.047619047619051,-0.009890109890109855
1648751456.510198,0.03910124361028444,-0.015873015873012264,-0.009890109890109855
1648751456.531086,0.03910124361028444,-0.047619047619051,-0.011208791208791258
1648751456.551984,0.03910124361028444,-0.047619047619051,-0.011208791208791258
1648751456.572819,0.03910124361028444,0.015873015873012264,-0.011208791208791258
1648751456.593868,0.03871976806286703,-0.11111111111111427,-0.01252747252747266
1648751456.614861,0.03871976806286703,-0.015873015873012264,-0.01252747252747266
1648751456.635588,0.03871976806286703,-0.047619047619051,-0.01252747252747266
1648751456.656589,0.03871976806286703,-0.015873015873012264,-0.01384615384615362
1648751456.677461,0.03833829251544962,-0.11111111111111427,-0.01384615384615362
1648751456.698452,0.03833829251544962,-0.11111111111111427,-0.01384615384615362
1648751456.71936,0.03833829251544962,0.11111111111111427,-0.015164835164835022
1648751456.740323,0.037956816968032214,-0.11111111111111427,-0.015164835164835022
1648751456.761215,0.037956816968032214,-0.11111111111111427,-0.01648351648351687
1648751456.782238,0.037956816968032214,0.015873015873012264,-0.01648351648351687
1648751456.803202,0.037575341420614805,-0.047619047619051,-0.01648351648351687
1648751456.823958,0.037575341420614805,-0.015873015873012264,-0.01648351648351687
1648751456.844963,0.037193865873197396,-0.047619047619051,-0.017802197802197828
1648751456.865843,0.037193865873197396,-0.015873015873012264,-0.017802197802197828
1648751456.886831,0.037193865873197396,0.07936507936507553,-0.017802197802197828
1648751456.907739,0.037193865873197396,0.015873015873012264,-0.017802197802197828
1648751456.928829,0.03681239032577999,0.11111111111111427,-0.017802197802197828
1648751456.949703,0.03643091477836258,-0.015873015873012264,-0.017802197802197828
1648751456.970704,0.03566796368352776,-0.015873015873012264,-0.017802197802197828
1648751456.991616,0.03070878156710144,-0.7460317460317469,-0.008571428571428452
1648751457.012457,0.023842221713588074,-0.2380952380952408,0.004615384615384688
1648751457.033342,0.02040894178683139,0.015873015873012264,0.011208791208791258
1648751457.054339,0.02040894178683139,-0.047619047619051,0.011208791208791258
1648751457.075198,0.02040894178683139,-0.047619047619051,0.011208791208791258
1648751457.096085,0.02040894178683139,-0.015873015873012264,0.009890109890109855
1648751457.117091,0.02040894178683139,0.015873015873012264,0.009890109890109855
1648751457.137954,0.02040894178683139,-0.015873015873012264,0.008571428571428452
1648751457.158966,0.02040894178683139,0.07936507936507553,0.008571428571428452
1648751457.179844,0.02040894178683139,0.015873015873012264,0.008571428571428452
1648751457.200827,0.02040894178683139,0.015873015873012264,0.008571428571428452
1648751457.221732,0.020027466239413982,-0.015873015873012264,0.007252747252747049
1648751457.242703,0.020027466239413982,-0.015873015873012264,0.007252747252747049
1648751457.263718,0.020027466239413982,0.07936507936507553,0.007252747252747049
1648751457.284718,0.020027466239413982,-0.047619047619051,0.005934065934066091
1648751457.305616,0.020027466239413982,0.015873015873012264,0.005934065934066091
1648751457.326593,0.020027466239413982,-0.015873015873012264,0.005934065934066091
1648751457.347471,0.019645990691996573,-0.015873015873012264,0.005934065934066091
1648751457.368452,0.019645990691996573,-0.015873015873012264,0.005934065934066091
1648751457.389465,0.019645990691996573,0.015873015873012264,0.004615384615384688
1648751457.410338,0.019645990691996573,-0.015873015873012264,0.004615384615384688
1648751457.431201,0.019645990691996573,-0.047619047619051,0.003296703296703285
1648751457.452244,0.019264515144579164,-0.015873015873012264,0.003296703296703285
1648751457.473244,0.019264515144579164,-0.015873015873012264,0.003296703296703285
1648751457.494092,0.019264515144579164,-0.015873015873012264,0.003296703296703285
1648751457.514993,0.019264515144579164,-0.015873015873012264,0.003296703296703285
1648751457.535866,0.019264515144579164,-0.047619047619051,0.003296703296703285
1648751457.556848,0.019264515144579164,-0.047619047619051,0.003296703296703285
1648751457.577744,0.018883039597161755,-0.015873015873012264,0.001978021978021882
1648751457.598746,0.018883039597161755,0.015873015873012264,0.001978021978021882
1648751457.619621,0.018883039597161755,0.015873015873012264,0.001978021978021882
1648751457.64047,0.018883039597161755,-0.047619047619051,0.0006593406593404794
1648751457.661369,0.018501564049744346,-0.015873015873012264,0.001978021978021882
1648751457.682458,0.018501564049744346,-0.015873015873012264,0.0006593406593404794
1648751457.703348,0.018501564049744346,0.11111111111111427,0.0006593406593404794
1648751457.724351,0.018501564049744346,-0.047619047619051,0.0006593406593404794
1648751457.745211,0.018501564049744346,-0.015873015873012264,-0.0006593406593404794
1648751457.766097,0.018120088502326936,0.015873015873012264,-0.0006593406593404794
1648751457.787098,0.018120088502326936,-0.015873015873012264,-0.0006593406593404794
1648751457.807995,0.017738612954909527,-0.047619047619051,-0.0006593406593404794
1648751457.828971,0.017738612954909527,0.07936507936507553,0.0006593406593404794
1648751457.849832,0.017357137407492118,0.015873015873012264,-0.001978021978021882
1648751457.870851,0.017357137407492118,0.015873015873012264,-0.0006593406593404794
1648751457.891835,0.0165941863126573,-0.047619047619051,-0.0006593406593404794
1648751457.912711,0.0165941863126573,0.07936507936507553,0.0006593406593404794
1648751457.933599,0.013923857480735435,-0.36507936507936734,0.005934065934066091
1648751457.9546,0.010872053101396162,0.015873015873012264,0.01252747252747266
1648751457.975475,0.010872053101396162,-0.015873015873012264,0.009890109890109855
1648751457.996331,0.010872053101396162,-0.015873015873012264,0.011208791208791258
1648751458.017349,0.010872053101396162,-0.047619047619051,0.009890109890109855
1648751458.038219,0.010872053101396162,-0.11111111111111427,0.009890109890109855
1648751458.059106,0.010872053101396162,-0.047619047619051,0.009890109890109855
1648751458.080125,0.010872053101396162,-0.015873015873012264,0.008571428571428452
1648751458.101,0.010490577553978753,-0.015873015873012264,0.008571428571428452
1648751458.121843,0.010490577553978753,-0.047619047619051,0.008571428571428452
1648751458.142848,0.010490577553978753,-0.11111111111111427,0.008571428571428452
1648751458.163851,0.010490577553978753,-0.047619047619051,0.008571428571428452
1648751458.184836,0.010490577553978753,0.015873015873012264,0.008571428571428452
1648751458.205724,0.010490577553978753,-0.11111111111111427,0.008571428571428452
1648751458.226626,0.010490577553978753,-0.015873015873012264,0.007252747252747049
1648751458.247604,0.010490577553978753,-0.015873015873012264,0.007252747252747049
1648751458.268457,0.010490577553978753,-0.047619047619051,0.007252747252747049
1648751458.289479,0.010490577553978753,-0.015873015873012264,0.005934065934066091
1648751458.310335,0.010490577553978753,-0.015873015873012264,0.007252747252747049
1648751458.331227,0.010109102006561344,-0.015873015873012264,0.005934065934066091
1648751458.352226,0.010109102006561344,-0.1428571428571388,0.005934065934066091
1648751458.373097,0.010109102006561344,-0.015873015873012264,0.005934065934066091
1648751458.394092,0.010109102006561344,-0.047619047619051,0.005934065934066091
1648751458.414978,0.010109102006561344,-0.047619047619051,0.005934065934066091
1648751458.435847,0.010109102006561344,-0.047619047619051,0.004615384615384688
1648751458.456856,0.010109102006561344,-0.047619047619051,0.004615384615384688
1648751458.47773,0.010109102006561344,0.015873015873012264,0.004615384615384688
1648751458.498754,0.010109102006561344,-0.047619047619051,0.004615384615384688
1648751458.519598,0.010109102006561344,0.015873015873012264,0.004615384615384688
1648751458.540591,0.010109102006561344,-0.11111111111111427,0.004615384615384688
1648751458.561483,0.010109102006561344,0.11111111111111427,0.004615384615384688
1648751458.582466,0.009727626459143934,0.07936507936507553,0.004615384615384688
1648751458.603379,0.009727626459143934,-0.047619047619051,0.003296703296703285
1648751458.624217,0.009727626459143934,-0.015873015873012264,0.003296703296703285
1648751458.645217,0.009727626459143934,-0.015873015873012264,0.003296703296703285
1648751458.666109,0.009727626459143934,-0.047619047619051,0.003296703296703285
1648751458.686974,0.009727626459143934,-0.015873015873012264,0.003296703296703285
1648751458.707981,0.009727626459143934,0.015873015873012264,0.003296703296703285
1648751458.728849,0.009727626459143934,-0.015873015873012264,0.003296703296703285
1648751458.749735,0.009727626459143934,-0.015873015873012264,0.003296703296703285
1648751458.770731,0.009727626459143934,-0.047619047619051,0.003296703296703285
1648751458.791633,0.009727626459143934,0.015873015873012264,0.001978021978021882
1648751458.812474,0.009346150911726525,-0.047619047619051,0.001978021978021882
1648751458.833485,0.009346150911726525,-0.015873015873012264,0.001978021978021882
1648751458.854361,0.009727626459143934,0.015873015873012264,0.001978021978021882
1648751458.87536,0.009346150911726525,-0.015873015873012264,0.001978021978021882
1648751458.896237,0.009346150911726525,-0.015873015873012264,0.0006593406593404794
1648751458.917236,0.009346150911726525,-0.015873015873012264,0.0006593406593404794
1648751458.938257,0.009346150911726525,-0.015873015873012264,0.0006593406593404794
1648751458.959095,0.009346150911726525,-0.015873015873012264,0.0006593406593404794
1648751458.979985,0.009346150911726525,0.07936507936507553,0.0006593406593404794
1648751459.00086,0.009346150911726525,-0.047619047619051,0.0006593406593404794
1648751459.02185,0.009346150911726525,-0.015873015873012264,0.0006593406593404794
1648751459.042847,0.008964675364309116,-0.11111111111111427,0.0006593406593404794
1648751459.063733,0.008964675364309116,-0.047619047619051,0.0006593406593404794
1648751459.084465,0.008964675364309116,-0.015873015873012264,0.0006593406593404794
1648751459.104846,0.008964675364309116,-0.047619047619051,-0.0006593406593404794
