POS_Set_point,VEL_setpoint,POS gain,VEL gain,FOC
1.5063000686655985,0,4.0,0,0
1.4912370679789426,0,4.0,0,0
1.4763246972991533,0,4.0,0,0
1.4615614503261618,0,4.0,0,0
1.4469458358229002,0,4.0,0,0
1.4324763774646712,0,4.0,0,0
1.4181516136900245,0,4.0,0,0
1.4039700975531242,0,4.0,0,0
1.3899303965775929,0,4.0,0,0
1.3760310926118169,0,4.0,0,0
1.3622707816856987,0,4.0,0,0
1.3486480738688418,0,4.0,0,0
1.3351615931301533,0,4.0,0,0
1.3218099771988516,0,4.0,0,0
1.308591877426863,0,4.0,0,0
1.2955059586525943,0,4.0,0,0
1.2825508990660683,0,4.0,0,0
1.2697253900754077,0,4.0,0,0
1.2570281361746536,0,4.0,0,0
1.244457854812907,0,4.0,0,0
1.232013276264778,0,4.0,0,0
1.21969314350213,0,4.0,0,0
1.2074962120671089,0,4.0,0,0
1.1954212499464378,0,4.0,0,0
1.1834670374469733,0,4.0,0,0
1.1716323670725035,0,4.0,0,0
1.1599160434017786,0,4.0,0,0
1.1483168829677608,0,4.0,0,0
1.136833714138083,0,4.0,0,0
1.1254653769967022,0,4.0,0,0
1.1142107232267353,0,4.0,0,0
1.103068615994468,0,4.0,0,0
1.0920379298345233,0,4.0,0,0
1.081117550536178,0,4.0,0,0
1.0703063750308164,0,4.0,0,0
1.059603311280508,0,4.0,0,0
1.0490072781677031,0,4.0,0,0
1.038517205386026,0,4.0,0,0
1.0281320333321657,0,4.0,0,0
1.017850712998844,0,4.0,0,0
1.0076722058688556,0,4.0,0,0
0.997595483810167,0,4.0,0,0
0.9876195289720654,0,4.0,0,0
0.9777433336823448,0,4.0,0,0
0.9679659003455213,0,4.0,0,0
0.9582862413420661,0,4.0,0,0
0.9487033789286454,0,4.0,0,0
0.9392163451393589,0,4.0,0,0
0.9298241816879653,0,4.0,0,0
0.9205259398710857,0,4.0,0,0
0.9113206804723748,0,4.0,0,0
0.9022074736676511,0,4.0,0,0
0.8931853989309746,0,4.0,0,0
0.8842535449416649,0,4.0,0,0
0.8754110094922481,0,4.0,0,0
0.8666568993973257,0,4.0,0,0
0.8579903304033525,0,4.0,0,0
0.8494104270993189,0,4.0,0,0
0.8409163228283257,0,4.0,0,0
0.8325071596000425,0,4.0,0,0
0.8241820880040421,0,4.0,0,0
0.8159402671240017,0,4.0,0,0
0.8077808644527616,0,4.0,0,0
0.799703055808234,0,4.0,0,0
0.7917060252501517,0,4.0,0,0
0.7837889649976502,0,4.0,0,0
0.7759510753476736,0,4.0,0,0
0.7681915645941969,0,4.0,0,0
0.7605096489482549,0,4.0,0,0
0.7529045524587723,0,4.0,0,0
0.7453755069341845,0,4.0,0,0
0.7379217518648427,0,4.0,0,0
0.7305425343461942,0,4.0,0,0
0.7232371090027323,0,4.0,0,0
0.716004737912705,0,4.0,0,0
0.708844690533578,0,4.0,0,0
0.7017562436282422,0,4.0,0,0
0.6947386811919598,0,4.0,0,0
0.6877912943800402,0,4.0,0,0
0.6809133814362398,0,4.0,0,0
0.6741042476218774,0,4.0,0,0
0.6673632051456586,0,4.0,0,0
0.6606895730942021,0,4.0,0,0
0.6540826773632601,0,4.0,0,0
0.6475418505896274,0,4.0,0,0
0.6410664320837312,0,4.0,0,0
0.6346557677628938,0,4.0,0,0
0.6283092100852649,0,4.0,0,0
0.6220261179844122,0,4.0,0,0
0.6158058568045681,0,4.0,0,0
0.6096477982365225,0,4.0,0,0
0.6035513202541573,0,4.0,0,0
0.5975158070516157,0,4.0,0,0
0.5915406489810995,0,4.0,0,0
0.5856252424912884,0,4.0,0,0
0.5797689900663755,0,4.0,0,0
0.5739713001657117,0,4.0,0,0
0.5682315871640546,0,4.0,0,0
0.562549271292414,0,4.0,0,0
0.5569237785794899,0,4.0,0,0
0.5513545407936951,0,4.0,0,0
0.5458409953857581,0,4.0,0,0
0.5403825854319005,0,4.0,0,0
0.5349787595775816,0,4.0,0,0
0.5296289719818057,0,4.0,0,0
0.5243326822619876,0,4.0,0,0
0.5190893554393677,0,4.0,0,0
0.513898461884974,0,4.0,0,0
0.5087594772661242,0,4.0,0,0
0.503671882493463,0,4.0,0,0
0.49863516366852834,0,4.0,0,0
0.4936488120318431,0,4.0,0,0
0.48871232391152464,0,4.0,0,0
0.48382520067240936,0,4.0,0,0
0.47898694866568525,0,4.0,0,0
0.47419707917902837,0,4.0,0,0
0.4694551083872381,0,4.0,0,0
0.4647605573033657,0,4.0,0,0
0.460112951730332,0,4.0,0,0
0.45551182221302866,0,4.0,0,0
0.4509567039908984,0,4.0,0,0
0.44644713695098937,0,4.0,0,0
0.4419826655814795,0,4.0,0,0
0.43756283892566467,0,4.0,0,0
0.433187210536408,0,4.0,0,0
0.42885533843104395,0,4.0,0,0
0.4245667850467335,0,4.0,0,0
0.4203211171962662,0,4.0,0,0
0.41611790602430354,0,4.0,0,0
0.4119567269640605,0,4.0,0,0
0.40783715969441986,0,4.0,0,0
0.4037587880974757,0,4.0,0,0
0.3997212002165009,0,4.0,0,0
0.3957239882143359,0,4.0,0,0
0.39176674833219255,0,4.0,0,0
0.3878490808488706,0,4.0,0,0
0.38397059004038187,0,4.0,0,0
0.38013088413997803,0,4.0,0,0
0.37632957529857824,0,4.0,0,0
0.37256627954559246,0,4.0,0,0
0.3688406167501365,0,4.0,0,0
0.36515221058263514,0,4.0,0,0
0.3615006884768088,0,4.0,0,0
0.3578856815920407,0,4.0,0,0
0.3543068247761203,0,4.0,0,0
0.3507637565283591,0,4.0,0,0
0.3472561189630755,0,4.0,0,0
0.34378355777344477,0,4.0,0,0
0.3403457221957103,0,4.0,0,0
0.3369422649737532,0,4.0,0,0
0.33357284232401563,0,4.0,0,0
0.3302371139007755,0,4.0,0,0
0.3269347427617677,0,4.0,0,0
0.32366539533415,0,4.0,0,0
0.3204287413808085,0,4.0,0,0
0.31722445396700044,0,4.0,0,0
0.3140522094273304,0,4.0,0,0
0.31091168733305713,0,4.0,0,0
0.30780257045972653,0,4.0,0,0
0.3047245447551293,0,4.0,0,0
0.301677299307578,0,4.0,0,0
0.2986605263145022,0,4.0,0,0
0.29567392105135715,0,4.0,0,0
0.29271718184084355,0,4.0,0,0
0.2897900100224351,0,4.0,0,0
0.28689210992221076,0,4.0,0,0
0.28402318882298866,0,4.0,0,0
0.28118295693475875,0,4.0,0,0
0.27837112736541114,0,4.0,0,0
0.275587416091757,0,4.0,0,0
0.27283154193083947,0,4.0,0,0
0.27010322651153107,0,4.0,0,0
0.26740219424641576,0,4.0,0,0
0.2647281723039516,0,4.0,0,0
0.2620808905809121,0,4.0,0,0
0.259460081675103,0,4.0,0,0
0.2568654808583519,0,4.0,0,0
0.2542968260497684,0,4.0,0,0
0.2517538577892707,0,4.0,0,0
0.24923631921137795,0,4.0,0,0
0.24674395601926416,0,4.0,0,0
0.24427651645907153,0,4.0,0,0
0.24183375129448081,0,4.0,0,0
0.239415413781536,0,4.0,0,0
0.23702125964372064,0,4.0,0,0
0.23465104704728343,0,4.0,0,0
0.2323045365768106,0,4.0,0,0
0.2299814912110425,0,4.0,0,0
0.22768167629893207,0,4.0,0,0
0.22540485953594275,0,4.0,0,0
0.2231508109405833,0,4.0,0,0
0.22091930283117747,0,4.0,0,0
0.2187101098028657,0,4.0,0,0
0.21652300870483704,0,4.0,0,0
0.21435777861778868,0,4.0,0,0
0.2122142008316108,0,4.0,0,0
0.21009205882329468,0,4.0,0,0
0.20799113823506174,0,4.0,0,0
0.20591122685271113,0,4.0,0,0
0.203852114584184,0,4.0,0,0
0.20181359343834215,0,4.0,0,0
0.19979545750395872,0,4.0,0,0
0.19779750292891912,0,4.0,0,0
0.19581952789962992,0,4.0,0,0
0.19386133262063363,0,4.0,0,0
0.19192271929442728,0,4.0,0,0
0.190003492101483,0,4.0,0,0
0.18810345718046817,0,4.0,0,0
0.18622242260866348,0,4.0,0,0
0.18436019838257683,0,4.0,0,0
0.18251659639875106,0,4.0,0,0
0.18069143043476354,0,4.0,0,0
0.17888451613041592,0,4.0,0,0
0.17709567096911177,0,4.0,0,0
0.17532471425942064,0,4.0,0,0
0.17357146711682644,0,4.0,0,0
0.17183575244565819,0,4.0,0,0
0.1701173949212016,0,4.0,0,0
0.16841622097198958,0,4.0,0,0
0.16673205876226968,0,4.0,0,0
0.16506473817464698,0,4.0,0,0
0.1634140907929005,0,4.0,0,0
0.1617799498849715,0,4.0,0,0
0.16016215038612178,0,4.0,0,0
0.15856052888226055,0,4.0,0,0
0.15697492359343795,0,4.0,0,0
0.15540517435750356,0,4.0,0,0
0.15385112261392853,0,4.0,0,0
0.15231261138778923,0,4.0,0,0
0.15078948527391134,0,4.0,0,0
0.14928159042117223,0,4.0,0,0
0.1477887745169605,0,4.0,0,0
0.1463108867717909,0,4.0,0,0
0.144847777904073,0,4.0,0,0
0.14339930012503227,0,4.0,0,0
0.14196530712378194,0,4.0,0,0
0.14054565405254413,0,4.0,0,0
0.1391401975120187,0,4.0,0,0
0.1377487955368985,0,4.0,0,0
0.13637130758152952,0,4.0,0,0
0.13500759450571423,0,4.0,0,0
0.13365751856065708,0,4.0,0,0
0.13232094337505051,0,4.0,0,0
0.13099773394130002,0,4.0,0,0
0.12968775660188703,0,4.0,0,0
0.12839087903586816,0,4.0,0,0
0.12710697024550946,0,4.0,0,0
0.12583590054305435,0,4.0,0,0
0.1245775415376238,0,4.0,0,0
0.12333176612224757,0,4.0,0,0
0.12209844846102509,0,4.0,0,0
0.12087746397641484,0,4.0,0,0
0.11966868933665069,0,4.0,0,0
0.11847200244328418,0,4.0,0,0
0.11728728241885134,0,4.0,0,0
0.11611440959466282,0,4.0,0,0
0.11495326549871619,0,4.0,0,0
0.11380373284372904,0,4.0,0,0
0.11266569551529175,0,4.0,0,0
0.11153903856013883,0,4.0,0,0
0.11042364817453744,0,4.0,0,0
0.10931941169279207,0,4.0,0,0
0.10822621757586415,0,4.0,0,0
0.1071439554001055,0,4.0,0,0
0.10607251584610444,0,4.0,0,0
0.1050117906876434,0,4.0,0,0
0.10396167278076696,0,4.0,0,0
0.10292205605295929,0,4.0,0,0
0.1018928354924297,0,4.0,0,0
0.1008739071375054,0,4.0,0,0
0.09986516806613034,0,4.0,0,0
0.09886651638546903,0,4.0,0,0
0.09787785122161434,0,4.0,0,0
0.0968990727093982,0,4.0,0,0
0.09593008198230421,0,4.0,0,0
0.09497078116248117,0,4.0,0,0
0.09402107335085635,0,4.0,0,0
0.09308086261734778,0,4.0,0,0
0.0921500539911743,0,4.0,0,0
0.09122855345126256,0,4.0,0,0
0.09031626791674993,0,4.0,0,0
0.08941310523758243,0,4.0,0,0
0.08851897418520661,0,4.0,0,0
0.08763378444335455,0,4.0,0,0
0.08675744659892101,0,4.0,0,0
0.0858898721329318,0,4.0,0,0
0.08503097341160248,0,4.0,0,0
0.08418066367748646,0,4.0,0,0
0.08333885704071159,0,4.0,0,0
0.08250546847030447,0,4.0,0,0
0.08168041378560142,0,4.0,0,0
0.08086360964774542,0,4.0,0,0
0.08005497355126796,0,4.0,0,0
0.07925442381575529,0,4.0,0,0
0.07846187957759773,0,4.0,0,0
0.07767726078182176,0,4.0,0,0
0.07690048817400354,0,4.0,0,0
0.0761314832922635,0,4.0,0,0
0.07537016845934087,0,4.0,0,0
0.07461646677474747,0,4.0,0,0
0.07387030210699999,0,4.0,0,0
0.07313159908592999,0,4.0,0,0
0.0724002830950707,0,4.0,0,0
0.07167628026411998,0,4.0,0,0
0.07095951746147879,0,4.0,0,0
0.070249922286864,0,4.0,0,0
0.06954742306399536,0,4.0,0,0
0.06885194883335541,0,4.0,0,0
0.06816342934502186,0,4.0,0,0
0.06748179505157163,0,4.0,0,0
0.06680697710105592,0,4.0,0,0
0.06613890733004536,0,4.0,0,0
0.06547751825674492,0,4.0,0,0
0.06482274307417747,0,4.0,0,0
0.0641745156434357,0,4.0,0,0
0.06353277048700134,0,4.0,0,0
0.06289744278213133,0,4.0,0,0
0.06226846835431002,0,4.0,0,0
0.06164578367076692,0,4.0,0,0
0.06102932583405925,0,4.0,0,0
0.06041903257571866,0,4.0,0,0
0.05981484224996147,0,4.0,0,0
0.05921669382746185,0,4.0,0,0
0.058624526889187234,0,4.0,0,0
0.05803828162029536,0,4.0,0,0
0.057457898804092404,0,4.0,0,0
0.05688331981605148,0,4.0,0,0
0.056314486617890964,0,4.0,0,0
0.05575134175171206,0,4.0,0,0
0.055193828334194936,0,4.0,0,0
0.05464189005085299,0,4.0,0,0
0.05409547115034446,0,4.0,0,0
0.053554516438841016,0,4.0,0,0
0.053018971274452605,0,4.0,0,0
0.05248878156170808,0,4.0,0,0
0.051963893746091,0,4.0,0,0
0.05144425480863009,0,4.0,0,0
0.050929812260543786,0,4.0,0,0
0.05042051413793835,0,4.0,0,0
0.04991630899655897,0,4.0,0,0
0.04941714590659338,0,4.0,0,0
0.04892297444752745,0,4.0,0,0
0.04843374470305217,0,4.0,0,0
0.04794940725602165,0,4.0,0,0
0.04746991318346143,0,4.0,0,0
0.046995214051626814,0,4.0,0,0
0.046525261911110546,0,4.0,0,0
0.04606000929199944,0,4.0,0,0
0.04559940919907944,0,4.0,0,0
0.04514341510708864,0,4.0,0,0
0.04469198095601776,0,4.0,0,0
0.04424506114645758,0,4.0,0,0
0.043802610534993,0,4.0,0,0
0.04336458442964307,0,4.0,0,0
0.04293093858534664,0,4.0,0,0
0.04250162919949317,0,4.0,0,0
0.042076612907498236,0,4.0,0,0
0.04165584677842325,0,4.0,0,0
0.04123928831063902,0,4.0,0,0
0.04082689542753263,0,4.0,0,0
0.0404186264732573,0,4.0,0,0
0.04001444020852473,0,4.0,0,0
0.039614295806439485,0,4.0,0,0
0.03921815284837509,0,4.0,0,0
0.03882597131989134,0,4.0,0,0
0.03843771160669243,0,4.0,0,0
0.03805333449062551,0,4.0,0,0
0.03767280114571925,0,4.0,0,0
0.03729607313426205,0,4.0,0,0
0.03692311240291943,0,4.0,0,0
0.036553881278890234,0,4.0,0,0
0.03618834246610133,0,4.0,0,0
0.035826459041440314,0,4.0,0,0
0.03546819445102591,0,4.0,0,0
0.035113512506515655,0,4.0,0,0
0.0347623773814505,0,4.0,0,0
0.034414753607635996,0,4.0,0,0
0.034070606071559636,0,4.0,0,0
0.03372990001084404,0,4.0,0,0
0.0333926010107356,0,4.0,0,0
0.03305867500062824,0,4.0,0,0
0.03272808825062196,0,4.0,0,0
0.03240080736811574,0,4.0,0,0
0.032076799294434584,0,4.0,0,0
0.03175603130149024,0,4.0,0,0
0.03143847098847534,0,4.0,0,0
0.031124086278590587,0,4.0,0,0
0.03081284541580468,0,4.0,0,0
0.030504716961646635,0,4.0,0,0
0.03019966979203017,0,4.0,0,0
0.02989767309410987,0,4.0,0,0
0.02959869636316877,0,4.0,0,0
0.029302709399537084,0,4.0,0,0
0.029009682305541712,0,4.0,0,0
0.028719585482486293,0,4.0,0,0
0.02843238962766143,0,4.0,0,0
0.028148065731384814,0,4.0,0,0
0.027866585074070964,0,4.0,0,0
0.027587919223330253,0,4.0,0,0
0.02731204003109695,0,4.0,0,0
0.02703891963078598,0,4.0,0,0
0.02676853043447812,0,4.0,0,0
0.026500845130133337,0,4.0,0,0
0.026235836678832003,0,4.0,0,0
0.025973478312043684,0,4.0,0,0
0.025713743528923246,0,4.0,0,0
0.025456606093634013,0,4.0,0,0
0.025202040032697673,0,4.0,0,0
0.024950019632370694,0,4.0,0,0
0.024700519436046987,0,4.0,0,0
0.024453514241686517,0,4.0,0,0
0.02420897909926965,0,4.0,0,0
0.023966889308276954,0,4.0,0,0
0.023727220415194185,0,4.0,0,0
0.023489948211042243,0,4.0,0,0
0.02325504872893182,0,4.0,0,0
0.023022498241642503,0,4.0,0,0
0.02279227325922608,0,4.0,0,0
0.02256435052663382,0,4.0,0,0
0.022338707021367483,0,4.0,0,0
0.02211531995115381,0,4.0,0,0
0.021894166751642272,0,4.0,0,0
0.021675225084125848,0,4.0,0,0
0.02145847283328459,0,4.0,0,0
0.021243888104951744,0,4.0,0,0
0.021031449223902227,0,4.0,0,0
0.020821134731663204,0,4.0,0,0
0.02061292338434657,0,4.0,0,0
0.020406794150503105,0,4.0,0,0
0.020202726208998073,0,4.0,0,0
0.02000069894690809,0,4.0,0,0
0.01980069195743901,0,4.0,0,0
0.01960268503786462,0,4.0,0,0
0.01940665818748597,0,4.0,0,0
0.01921259160561111,0,4.0,0,0
0.019020465689555,0,4.0,0,0
0.01883026103265945,0,4.0,0,0
0.018641958422332853,0,4.0,0,0
0.018455538838109523,0,4.0,0,0
0.01827098344972843,0,4.0,0,0
0.018088273615231146,0,4.0,0,0
0.017907390879078833,0,4.0,0,0
0.017728316970288045,0,4.0,0,0
0.017551033800585165,0,4.0,0,0
0.017375523462579312,0,4.0,0,0
0.01720176822795352,0,4.0,0,0
0.017029750545673985,0,4.0,0,0
0.016859453040217246,0,4.0,0,0
0.016690858509815075,0,4.0,0,0
0.016523949924716924,0,4.0,0,0
0.016358710425469755,0,4.0,0,0
0.016195123321215057,0,4.0,0,0
0.016033172088002905,0,4.0,0,0
0.015872840367122876,0,4.0,0,0
0.015714111963451648,0,4.0,0,0
0.01555697084381713,0,4.0,0,0
0.015401401135378958,0,4.0,0,0
0.015247387124025168,0,4.0,0,0
0.015094913252784916,0,4.0,0,0
0.014943964120257067,0,4.0,0,0
0.014794524479054496,0,4.0,0,0
0.01464657923426395,0,4.0,0,0
0.01450011344192131,0,4.0,0,0
0.014355112307502098,0,4.0,0,0
0.014211561184427077,0,4.0,0,0
0.014069445572582806,0,4.0,0,0
0.013928751116856977,0,4.0,0,0
0.013789463605688407,0,4.0,0,0
0.013651568969631524,0,4.0,0,0
0.013515053279935208,0,4.0,0,0
0.013379902747135856,0,4.0,0,0
0.013246103719664497,0,4.0,0,0
0.013113642682467851,0,4.0,0,0
0.012982506255643173,0,4.0,0,0
0.01285268119308674,0,4.0,0,0
0.012724154381155872,0,4.0,0,0
0.012596912837344314,0,4.0,0,0
0.01247094370897087,0,4.0,0,0
0.012346234271881161,0,4.0,0,0
0.01222277192916235,0,4.0,0,0
0.012100544209870726,0,4.0,0,0
0.01197953876777202,0,4.0,0,0
0.011859743380094299,0,4.0,0,0
0.011741145946293356,0,4.0,0,0
0.011623734486830422,0,4.0,0,0
0.011507497141962118,0,4.0,0,0
0.011392422170542496,0,4.0,0,0
0.011278497948837072,0,4.0,0,0
0.011165712969348702,0,4.0,0,0
0.011054055839655214,0,4.0,0,0
0.010943515281258661,0,4.0,0,0
0.010834080128446074,0,4.0,0,0
0.010725739327161614,0,4.0,0,0
0.010618481933889997,0,4.0,0,0
0.010512297114551098,0,4.0,0,0
0.010407174143405588,0,4.0,0,0
0.010303102401971532,0,4.0,0,0
0.010200071377951817,0,4.0,0,0
0.0100980706641723,0,4.0,0,0
0.009997089957530576,0,4.0,0,0
