POS_Set_point,VEL_setpoint,POS gain,VEL gain,FOC
1.4979915312428473,0,4.0,0,0
1.4830116159304187,0,4.0,0,0
1.4681814997711145,0,4.0,0,0
1.4534996847734032,0,4.0,0,0
1.4389646879256692,0,4.0,0,0
1.4245750410464124,0,4.0,0,0
1.4103292906359484,0,4.0,0,0
1.3962259977295888,0,4.0,0,0
1.3822637377522928,0,4.0,0,0
1.3684411003747698,0,4.0,0,0
1.3547566893710221,0,4.0,0,0
1.341209122477312,0,4.0,0,0
1.327797031252539,0,4.0,0,0
1.3145190609400135,0,4.0,0,0
1.3013738703306132,0,4.0,0,0
1.288360131627307,0,4.0,0,0
1.275476530311034,0,4.0,0,0
1.2627217650079237,0,4.0,0,0
1.2500945473578444,0,4.0,0,0
1.237593601884266,0,4.0,0,0
1.2252176658654232,0,4.0,0,0
1.212965489206769,0,4.0,0,0
1.2008358343147012,0,4.0,0,0
1.1888274759715542,0,4.0,0,0
1.1769392012118387,0,4.0,0,0
1.1651698091997202,0,4.0,0,0
1.153518111107723,0,4.0,0,0
1.1419829299966457,0,4.0,0,0
1.1305631006966792,0,4.0,0,0
1.1192574696897124,0,4.0,0,0
1.1080648949928154,0,4.0,0,0
1.0969842460428871,0,4.0,0,0
1.0860144035824582,0,4.0,0,0
1.0751542595466335,0,4.0,0,0
1.0644027169511672,0,4.0,0,0
1.0537586897816555,0,4.0,0,0
1.043221102883839,0,4.0,0,0
1.0327888918550006,0,4.0,0,0
1.0224610029364505,0,4.0,0,0
1.012236392907086,0,4.0,0,0
1.002114028978015,0,4.0,0,0
0.9920928886882349,0,4.0,0,0
0.9821719598013525,0,4.0,0,0
0.972350240203339,0,4.0,0,0
0.9626267378013057,0,4.0,0,0
0.9530004704232926,0,4.0,0,0
0.9434704657190597,0,4.0,0,0
0.934035761061869,0,4.0,0,0
0.9246954034512503,0,4.0,0,0
0.9154484494167379,0,4.0,0,0
0.9062939649225705,0,4.0,0,0
0.8972310252733449,0,4.0,0,0
0.8882587150206114,0,4.0,0,0
0.8793761278704053,0,4.0,0,0
0.8705823665917013,0,4.0,0,0
0.8618765429257843,0,4.0,0,0
0.8532577774965264,0,4.0,0,0
0.8447251997215611,0,4.0,0,0
0.8362779477243455,0,4.0,0,0
0.827915168247102,0,4.0,0,0
0.8196360165646309,0,4.0,0,0
0.8114396563989846,0,4.0,0,0
0.8033252598349948,0,4.0,0,0
0.7952920072366448,0,4.0,0,0
0.7873390871642784,0,4.0,0,0
0.7794656962926356,0,4.0,0,0
0.7716710393297093,0,4.0,0,0
0.7639543289364121,0,4.0,0,0
0.756314785647048,0,4.0,0,0
0.7487516377905775,0,4.0,0,0
0.7412641214126717,0,4.0,0,0
0.733851480198545,0,4.0,0,0
0.7265129653965595,0,4.0,0,0
0.7192478357425939,0,4.0,0,0
0.7120553573851679,0,4.0,0,0
0.7049348038113162,0,4.0,0,0
0.697885455773203,0,4.0,0,0
0.690906601215471,0,4.0,0,0
0.6839975352033163,0,4.0,0,0
0.6771575598512831,0,4.0,0,0
0.6703859842527703,0,4.0,0,0
0.6636821244102425,0,4.0,0,0
0.6570453031661401,0,4.0,0,0
0.6504748501344787,0,4.0,0,0
0.643970101633134,0,4.0,0,0
0.6375304006168026,0,4.0,0,0
0.6311550966106345,0,4.0,0,0
0.6248435456445282,0,4.0,0,0
0.6185951101880829,0,4.0,0,0
0.6124091590862021,0,4.0,0,0
0.6062850674953401,0,4.0,0,0
0.6002222168203867,0,4.0,0,0
0.5942199946521828,0,4.0,0,0
0.588277794705661,0,4.0,0,0
0.5823950167586044,0,4.0,0,0
0.5765710665910183,0,4.0,0,0
0.5708053559251082,0,4.0,0,0
0.5650973023658571,0,4.0,0,0
0.5594463293421985,0,4.0,0,0
0.5538518660487766,0,4.0,0,0
0.5483133473882887,0,4.0,0,0
0.5428302139144059,0,4.0,0,0
0.5374019117752619,0,4.0,0,0
0.5320278926575093,0,4.0,0,0
0.5267076137309342,0,4.0,0,0
0.5214405375936249,0,4.0,0,0
0.5162261322176886,0,4.0,0,0
0.5110638708955118,0,4.0,0,0
0.5059532321865566,0,4.0,0,0
0.500893699864691,0,4.0,0,0
0.4958847628660441,0,4.0,0,0
0.49092591523738366,0,4.0,0,0
0.4860166560850098,0,4.0,0,0
0.48115648952415974,0,4.0,0,0
0.47634492462891814,0,4.0,0,0
0.47158147538262896,0,4.0,0,0
0.46686566062880264,0,4.0,0,0
0.4621970040225146,0,4.0,0,0
0.4575750339822895,0,4.0,0,0
0.4529992836424666,0,4.0,0,0
0.4484692908060419,0,4.0,0,0
0.4439845978979815,0,4.0,0,0
0.43954475191900166,0,4.0,0,0
0.43514930439981164,0,4.0,0,0
0.4307978113558135,0,4.0,0,0
0.42648983324225537,0,4.0,0,0
0.4222249349098328,0,4.0,0,0
0.4180026855607345,0,4.0,0,0
0.41382265870512713,0,4.0,0,0
0.40968443211807587,0,4.0,0,0
0.40558758779689513,0,4.0,0,0
0.40153171191892617,0,4.0,0,0
0.3975163947997369,0,4.0,0,0
0.39354123085173953,0,4.0,0,0
0.3896058185432221,0,4.0,0,0
0.3857097603577899,0,4.0,0,0
0.38185266275421204,0,4.0,0,0
0.3780341361266699,0,4.0,0,0
0.3742537947654032,0,4.0,0,0
0.37051125681774916,0,4.0,0,0
0.36680614424957164,0,4.0,0,0
0.36313808280707593,0,4.0,0,0
0.3595067019790052,0,4.0,0,0
0.35591163495921513,0,4.0,0,0
0.35235251860962297,0,4.0,0,0
0.34882899342352675,0,4.0,0,0
0.34534070348929147,0,4.0,0,0
0.3418872964543985,0,4.0,0,0
0.33846842348985456,0,4.0,0,0
0.335083739254956,0,4.0,0,0
0.33173290186240645,0,4.0,0,0
0.32841557284378237,0,4.0,0,0
0.32513141711534455,0,4.0,0,0
0.3218801029441911,0,4.0,0,0
0.31866130191474923,0,4.0,0,0
0.3154746888956017,0,4.0,0,0
0.3123199420066457,0,4.0,0,0
0.30919674258657925,0,4.0,0,0
0.30610477516071344,0,4.0,0,0
0.3030437274091063,0,4.0,0,0
0.3000132901350152,0,4.0,0,0
0.29701315723366506,0,4.0,0,0
0.2940430256613284,0,4.0,0,0
0.2911025954047151,0,4.0,0,0
0.288191569450668,0,4.0,0,0
0.2853096537561613,0,4.0,0,0
0.2824565572185997,0,4.0,0,0
0.27963199164641367,0,4.0,0,0
0.27683567172994955,0,4.0,0,0
0.27406731501265,0,4.0,0,0
0.27132664186252353,0,4.0,0,0
0.2686133754438983,0,4.0,0,0
0.2659272416894593,0,4.0,0,0
0.2632679692725647,0,4.0,0,0
0.26063528957983906,0,4.0,0,0
0.25802893668404064,0,4.0,0,0
0.25544864731720024,0,4.0,0,0
0.2528941608440282,0,4.0,0,0
0.2503652192355879,0,4.0,0,0
0.24786156704323203,0,4.0,0,0
0.24538295137279972,0,4.0,0,0
0.24292912185907173,0,4.0,0,0
0.240499830640481,0,4.0,0,0
0.2380948323340762,0,4.0,0,0
0.23571388401073542,0,4.0,0,0
0.23335674517062807,0,4.0,0,0
0.23102317771892178,0,4.0,0,0
0.22871294594173255,0,4.0,0,0
0.22642581648231522,0,4.0,0,0
0.22416155831749207,0,4.0,0,0
0.22191994273431714,0,4.0,0,0
0.21970074330697398,0,4.0,0,0
0.21750373587390423,0,4.0,0,0
0.21532869851516517,0,4.0,0,0
0.21317541153001351,0,4.0,0,0
0.21104365741471337,0,4.0,0,0
0.20893322084056623,0,4.0,0,0
0.20684388863216058,0,4.0,0,0
0.20477544974583897,0,4.0,0,0
0.20272769524838058,0,4.0,0,0
0.20070041829589677,0,4.0,0,0
0.1986934141129378,0,4.0,0,0
0.19670647997180843,0,4.0,0,0
0.19473941517209034,0,4.0,0,0
0.19279202102036944,0,4.0,0,0
0.19086410081016575,0,4.0,0,0
0.1889554598020641,0,4.0,0,0
0.18706590520404345,0,4.0,0,0
0.18519524615200303,0,4.0,0,0
0.183343293690483,0,4.0,0,0
0.18150986075357817,0,4.0,0,0
0.17969476214604238,0,4.0,0,0
0.17789781452458195,0,4.0,0,0
0.17611883637933612,0,4.0,0,0
0.17435764801554277,0,4.0,0,0
0.17261407153538733,0,4.0,0,0
0.17088793082003345,0,4.0,0,0
0.16917905151183313,0,4.0,0,0
0.1674872609967148,0,4.0,0,0
0.16581238838674764,0,4.0,0,0
0.16415426450288015,0,4.0,0,0
0.16251272185785134,0,4.0,0,0
0.16088759463927282,0,4.0,0,0
0.1592787186928801,0,4.0,0,0
0.1576859315059513,0,4.0,0,0
0.1561090721908918,0,4.0,0,0
0.15454798146898288,0,4.0,0,0
0.15300250165429305,0,4.0,0,0
0.15147247663775013,0,4.0,0,0
0.1499577518713726,0,4.0,0,0
0.14845817435265887,0,4.0,0,0
0.1469735926091323,0,4.0,0,0
0.14550385668304097,0,4.0,0,0
0.14404881811621056,0,4.0,0,0
0.14260832993504846,0,4.0,0,0
0.14118224663569798,0,4.0,0,0
0.139770424169341,0,4.0,0,0
0.13837271992764758,0,4.0,0,0
0.1369889927283711,0,4.0,0,0
0.13561910280108738,0,4.0,0,0
0.1342629117730765,0,4.0,0,0
0.13292028265534575,0,4.0,0,0
0.13159107982879228,0,4.0,0,0
0.13027516903050437,0,4.0,0,0
0.12897241734019932,0,4.0,0,0
0.1276826931667973,0,4.0,0,0
0.12640586623512934,0,4.0,0,0
0.12514180757277804,0,4.0,0,0
0.12389038949705027,0,4.0,0,0
0.12265148560207977,0,4.0,0,0
0.12142497074605897,0,4.0,0,0
0.12021072103859838,0,4.0,0,0
0.1190086138282124,0,4.0,0,0
0.11781852768993027,0,4.0,0,0
0.11664034241303096,0,4.0,0,0
0.11547393898890065,0,4.0,0,0
0.11431919959901164,0,4.0,0,0
0.11317600760302153,0,4.0,0,0
0.11204424752699131,0,4.0,0,0
0.11092380505172139,0,4.0,0,0
0.10981456700120418,0,4.0,0,0
0.10871642133119214,0,4.0,0,0
0.10762925711788021,0,4.0,0,0
0.1065529645467014,0,4.0,0,0
0.1054874349012344,0,4.0,0,0
0.10443256055222205,0,4.0,0,0
0.10338823494669983,0,4.0,0,0
0.10235435259723283,0,4.0,0,0
0.1013308090712605,0,4.0,0,0
0.1003175009805479,0,4.0,0,0
0.09931432597074241,0,4.0,0,0
0.09832118271103499,0,4.0,0,0
0.09733797088392464,0,4.0,0,0
0.09636459117508539,0,4.0,0,0
0.09540094526333454,0,4.0,0,0
0.09444693581070118,0,4.0,0,0
0.09350246645259416,0,4.0,0,0
0.09256744178806822,0,4.0,0,0
0.09164176737018753,0,4.0,0,0
0.09072534969648566,0,4.0,0,0
0.0898180961995208,0,4.0,0,0
0.0889199152375256,0,4.0,0,0
0.08803071608515034,0,4.0,0,0
0.08715040892429883,0,4.0,0,0
0.08627890483505585,0,4.0,0,0
0.08541611578670529,0,4.0,0,0
0.08456195462883823,0,4.0,0,0
0.08371633508254984,0,4.0,0,0
0.08287917173172435,0,4.0,0,0
0.0820503800144071,0,4.0,0,0
0.08122987621426303,0,4.0,0,0
0.0804175774521204,0,4.0,0,0
0.0796134016775992,0,4.0,0,0
0.07881726766082321,0,4.0,0,0
0.07802909498421498,0,4.0,0,0
0.07724880403437283,0,4.0,0,0
0.0764763159940291,0,4.0,0,0
0.07571155283408881,0,4.0,0,0
0.07495443730574793,0,4.0,0,0
0.07420489293269045,0,4.0,0,0
0.07346284400336354,0,4.0,0,0
0.07272821556332991,0,4.0,0,0
0.07200093340769662,0,4.0,0,0
0.07128092407361965,0,4.0,0,0
0.07056811483288344,0,4.0,0,0
0.06986243368455461,0,4.0,0,0
0.06916380934770906,0,4.0,0,0
0.06847217125423197,0,4.0,0,0
0.06778744954168965,0,4.0,0,0
0.06710957504627275,0,4.0,0,0
0.06643847929581002,0,4.0,0,0
0.06577409450285192,0,4.0,0,0
0.0651163535578234,0,4.0,0,0
0.06446519002224517,0,4.0,0,0
0.06382053812202272,0,4.0,0,0
0.0631823327408025,0,4.0,0,0
0.06255050941339448,0,4.0,0,0
0.06192500431926053,0,4.0,0,0
0.06130575427606793,0,4.0,0,0
0.06069269673330725,0,4.0,0,0
0.06008576976597418,0,4.0,0,0
0.05948491206831443,0,4.0,0,0
0.058890062947631286,0,4.0,0,0
0.05830116231815497,0,4.0,0,0
0.05771815069497342,0,4.0,0,0
0.05714096918802369,0,4.0,0,0
0.05656955949614345,0,4.0,0,0
0.05600386390118202,0,4.0,0,0
0.0554438252621702,0,4.0,0,0
0.05488938700954849,0,4.0,0,0
0.05434049313945301,0,4.0,0,0
0.05379708820805848,0,4.0,0,0
0.05325911732597789,0,4.0,0,0
0.05272652615271811,0,4.0,0,0
0.05219926089119093,0,4.0,0,0
0.05167726828227902,0,4.0,0,0
0.05116049559945623,0,4.0,0,0
0.05064889064346167,0,4.0,0,0
0.050142401737027054,0,4.0,0,0
0.04964097771965678,0,4.0,0,0
0.049144567942460214,0,4.0,0,0
0.048653122263035614,0,4.0,0,0
0.04816659104040526,0,4.0,0,0
0.04768492513000121,0,4.0,0,0
0.0472080758787012,0,4.0,0,0
0.046735995119914185,0,4.0,0,0
0.046268635168715044,0,4.0,0,0
0.045805948817027896,0,4.0,0,0
0.04534788932885762,0,4.0,0,0
0.04489441043556904,0,4.0,0,0
0.04444546633121335,0,4.0,0,0
0.04400101166790122,0,4.0,0,0
0.04356100155122221,0,4.0,0,0
0.04312539153570999,0,4.0,0,0
0.04269413762035289,0,4.0,0,0
0.04226719624414936,0,4.0,0,0
0.041844524281707866,0,4.0,0,0
0.041426079038890784,0,4.0,0,0
0.04101181824850188,0,4.0,0,0
0.040601700066016856,0,4.0,0,0
0.04019568306535669,0,4.0,0,0
0.03979372623470312,0,4.0,0,0
0.039395788972356086,0,4.0,0,0
0.039001831082632527,0,4.0,0,0
0.0386118127718062,0,4.0,0,0
0.038225694644088135,0,4.0,0,0
0.03784343769764725,0,4.0,0,0
0.03746500332067078,0,4.0,0,0
0.03709035328746407,0,4.0,0,0
0.036719449754589434,0,4.0,0,0
0.03635225525704354,0,4.0,0,0
0.0359887327044731,0,4.0,0,0
0.035628845377428366,0,4.0,0,0
0.03527255692365408,0,4.0,0,0
0.03491983135441754,0,4.0,0,0
0.034570633040873364,0,4.0,0,0
0.03422492671046463,0,4.0,0,0
0.03388267744335998,0,4.0,0,0
0.03354385066892638,0,4.0,0,0
0.03320841216223711,0,4.0,0,0
0.032876328040614744,0,4.0,0,0
0.0325475647602086,0,4.0,0,0
0.03222208911260651,0,4.0,0,0
0.03189986822148044,0,4.0,0,0
0.03158086953926564,0,4.0,0,0
0.03126506084387298,0,4.0,0,0
0.03095241023543425,0,4.0,0,0
0.03064288613307991,0,4.0,0,0
0.03033645727174911,0,4.0,0,0
0.030033092699031618,0,4.0,0,0
0.029732761772041302,0,4.0,0,0
0.02943543415432089,0,4.0,0,0
0.02914107981277768,0,4.0,0,0
0.0288496690146499,0,4.0,0,0
0.028561172324503403,0,4.0,0,0
0.028275560601258368,0,4.0,0,0
0.027992804995245785,0,4.0,0,0
0.027712876945293327,0,4.0,0,0
0.027435748175840394,0,4.0,0,0
0.02716139069408199,0,4.0,0,0
0.02688977678714117,0,4.0,0,0
0.026620879019269756,0,4.0,0,0
0.02635467022907706,0,4.0,0,0
0.02609112352678629,0,4.0,0,0
0.025830212291518426,0,4.0,0,0
0.025571910168603242,0,4.0,0,0
0.02531619106691721,0,4.0,0,0
0.025063029156248036,0,4.0,0,0
0.024812398864685555,0,4.0,0,0
0.0245642748760387,0,4.0,0,0
0.024318632127278313,0,4.0,0,0
0.02407544580600553,0,4.0,0,0
0.023834691347945476,0,4.0,0,0
0.02359634443446602,0,4.0,0,0
0.02336038099012136,0,4.0,0,0
0.023126777180220146,0,4.0,0,0
0.022895509408417943,0,4.0,0,0
0.022666554314333762,0,4.0,0,0
0.022439888771190426,0,4.0,0,0
0.02221548988347852,0,4.0,0,0
0.021993334984643734,0,4.0,0,0
0.021773401634797296,0,4.0,0,0
0.021555667618449324,0,4.0,0,0
0.02134011094226483,0,4.0,0,0
0.02112670983284218,0,4.0,0,0
0.020915442734513758,0,4.0,0,0
0.02070628830716862,0,4.0,0,0
0.020499225424096934,0,4.0,0,0
0.020294233169855964,0,4.0,0,0
0.020091290838157406,0,4.0,0,0
0.01989037792977583,0,4.0,0,0
0.01969147415047807,0,4.0,0,0
0.01949455940897329,0,4.0,0,0
0.019299613814883557,0,4.0,0,0
0.01910661767673472,0,4.0,0,0
0.018915551499967372,0,4.0,0,0
0.018726395984967698,0,4.0,0,0
0.018539132025118022,0,4.0,0,0
0.018353740704866842,0,4.0,0,0
0.018170203297818172,0,4.0,0,0
0.01798850126483999,0,4.0,0,0
0.01780861625219159,0,4.0,0,0
0.017630530089669673,0,4.0,0,0
0.017454224788772975,0,4.0,0,0
0.017279682540885244,0,4.0,0,0
0.017106885715476392,0,4.0,0,0
0.01693581685832163,0,4.0,0,0
0.016766458689738414,0,4.0,0,0
0.01659879410284103,0,4.0,0,0
0.01643280616181262,0,4.0,0,0
0.016268478100194494,0,4.0,0,0
0.01610579331919255,0,4.0,0,0
0.015944735386000625,0,4.0,0,0
0.015785288032140618,0,4.0,0,0
0.015627435151819212,0,4.0,0,0
0.01547116080030102,0,4.0,0,0
0.015316449192298008,0,4.0,0,0
0.015163284700375028,0,4.0,0,0
0.015011651853371277,0,4.0,0,0
0.014861535334837564,0,4.0,0,0
0.014712919981489188,0,4.0,0,0
0.014565790781674297,0,4.0,0,0
0.014420132873857554,0,4.0,0,0
0.014275931545118978,0,4.0,0,0
0.014133172229667788,0,4.0,0,0
0.013991840507371109,0,4.0,0,0
0.013851922102297397,0,4.0,0,0
0.013713402881274423,0,4.0,0,0
0.013576268852461678,0,4.0,0,0
0.013440506163937061,0,4.0,0,0
0.01330610110229769,0,4.0,0,0
0.013173040091274714,0,4.0,0,0
0.013041309690361966,0,4.0,0,0
0.012910896593458347,0,4.0,0,0
0.012781787627523763,0,4.0,0,0
0.012653969751248526,0,4.0,0,0
0.01252743005373604,0,4.0,0,0
0.01240215575319868,0,4.0,0,0
0.012278134195666694,0,4.0,0,0
0.012155352853710027,0,4.0,0,0
0.012033799325172926,0,4.0,0,0
0.011913461331921197,0,4.0,0,0
0.011794326718601986,0,4.0,0,0
0.011676383451415966,0,4.0,0,0
0.011559619616901806,0,4.0,0,0
0.011444023420732788,0,4.0,0,0
0.01132958318652546,0,4.0,0,0
0.011216287354660206,0,4.0,0,0
0.011104124481113604,0,4.0,0,0
0.010993083236302468,0,4.0,0,0
0.010883152403939443,0,4.0,0,0
0.010774320879900049,0,4.0,0,0
0.010666577671101048,0,4.0,0,0
0.010559911894390038,0,4.0,0,0
0.010454312775446136,0,4.0,0,0
0.010349769647691675,0,4.0,0,0
0.010246271951214758,0,4.0,0,0
0.01014380923170261,0,4.0,0,0
0.010042371139385584,0,4.0,0,0
0.009941947427991728,0,4.0,0,0
