POS_Set_point,VEL_setpoint,POS gain,VEL gain,FOC
1.497613870450904,0,2.0,0,0
1.482637731746395,0,2.0,0,0
1.467811354428931,0,2.0,0,0
1.4531332408846418,0,2.0,0,0
1.4386019084757953,0,2.0,0,0
1.4242158893910373,0,2.0,0,0
1.409973730497127,0,2.0,0,0
1.3958739931921555,0,2.0,0,0
1.381915253260234,0,2.0,0,0
1.3680961007276315,0,2.0,0,0
1.3544151397203552,0,2.0,0,0
1.3408709883231515,0,2.0,0,0
1.32746227843992,0,2.0,0,0
1.3141876556555208,0,2.0,0,0
1.3010457790989656,0,2.0,0,0
1.2880353213079758,0,2.0,0,0
1.2751549680948961,0,2.0,0,0
1.2624034184139472,0,2.0,0,0
1.2497793842298077,0,2.0,0,0
1.2372815903875096,0,2.0,0,0
1.2249087744836344,0,2.0,0,0
1.212659686738798,0,2.0,0,0
1.20053308987141,0,2.0,0,0
1.188527758972696,0,2.0,0,0
1.176642481382969,0,2.0,0,0
1.1648760565691394,0,2.0,0,0
1.153227296003448,0,2.0,0,0
1.1416950230434135,0,2.0,0,0
1.1302780728129793,0,2.0,0,0
1.1189752920848495,0,2.0,0,0
1.107785539164001,0,2.0,0,0
1.096707683772361,0,2.0,0,0
1.0857406069346374,0,2.0,0,0
1.0748832008652909,0,2.0,0,0
1.064134368856638,0,2.0,0,0
1.0534930251680716,0,2.0,0,0
1.042958094916391,0,2.0,0,0
1.0325285139672271,0,2.0,0,0
1.0222032288275549,0,2.0,0,0
1.0119811965392793,0,2.0,0,0
1.0018613845738864,0,2.0,0,0
0.9918427707281475,0,2.0,0,0
0.9819243430208661,0,2.0,0,0
0.9721050995906574,0,2.0,0,0
0.9623840485947508,0,2.0,0,0
0.9527602081088032,0,2.0,0,0
0.9432326060277152,0,2.0,0,0
0.9338002799674381,0,2.0,0,0
0.9244622771677637,0,2.0,0,0
0.9152176543960862,0,2.0,0,0
0.9060654778521253,0,2.0,0,0
0.8970048230736041,0,2.0,0,0
0.8880347748428681,0,2.0,0,0
0.8791544270944394,0,2.0,0,0
0.8703628828234949,0,2.0,0,0
0.86165925399526,0,2.0,0,0
0.8530426614553074,0,2.0,0,0
0.8445122348407543,0,2.0,0,0
0.8360671124923468,0,2.0,0,0
0.8277064413674233,0,2.0,0,0
0.8194293769537491,0,2.0,0,0
0.8112350831842116,0,2.0,0,0
0.8031227323523694,0,2.0,0,0
0.7950915050288457,0,2.0,0,0
0.7871405899785573,0,2.0,0,0
0.7792691840787717,0,2.0,0,0
0.771476492237984,0,2.0,0,0
0.7637617273156041,0,2.0,0,0
0.7561241100424481,0,2.0,0,0
0.7485628689420236,0,2.0,0,0
0.7410772402526034,0,2.0,0,0
0.7336664678500773,0,2.0,0,0
0.7263298031715765,0,2.0,0,0
0.7190665051398607,0,2.0,0,0
0.711875840088462,0,2.0,0,0
0.7047570816875774,0,2.0,0,0
0.6977095108707017,0,2.0,0,0
0.6907324157619946,0,2.0,0,0
0.6838250916043747,0,2.0,0,0
0.6769868406883309,0,2.0,0,0
0.6702169722814476,0,2.0,0,0
0.6635148025586332,0,2.0,0,0
0.6568796545330469,0,2.0,0,0
0.6503108579877164,0,2.0,0,0
0.6438077494078392,0,2.0,0,0
0.6373696719137608,0,2.0,0,0
0.6309959751946232,0,2.0,0,0
0.624686015442677,0,2.0,0,0
0.6184391552882502,0,2.0,0,0
0.6122547637353677,0,2.0,0,0
0.606132216098014,0,2.0,0,0
0.600070893937034,0,2.0,0,0
0.5940701849976636,0,2.0,0,0
0.588129483147687,0,2.0,0,0
0.5822481883162101,0,2.0,0,0
0.5764257064330479,0,2.0,0,0
0.5706614493687174,0,2.0,0,0
0.5649548348750303,0,2.0,0,0
0.55930528652628,0,2.0,0,0
0.5537122336610172,0,2.0,0,0
0.548175111324407,0,2.0,0,0
0.5426933602111629,0,2.0,0,0
0.5372664266090512,0,2.0,0,0
0.5318937623429607,0,2.0,0,0
0.5265748247195311,0,2.0,0,0
0.5213090764723358,0,2.0,0,0
0.5160959857076125,0,2.0,0,0
0.5109350258505364,0,2.0,0,0
0.5058256755920311,0,2.0,0,0
0.5007674188361108,0,2.0,0,0
0.49575974464774963,0,2.0,0,0
0.49080214720127213,0,2.0,0,0
0.4858941257292594,0,2.0,0,0
0.4810351844719668,0,2.0,0,0
0.47622483262724713,0,2.0,0,0
0.47146258430097465,0,2.0,0,0
0.4667479584579649,0,2.0,0,0
0.46208047887338527,0,2.0,0,0
0.45745967408465144,0,2.0,0,0
0.4528850773438049,0,2.0,0,0
0.44835622657036683,0,2.0,0,0
0.44387266430466316,0,2.0,0,0
0.43943393766161654,0,2.0,0,0
0.4350395982850004,0,2.0,0,0
0.43068920230215035,0,2.0,0,0
0.4263823102791289,0,2.0,0,0
0.4221184871763376,0,2.0,0,0
0.4178973023045742,0,2.0,0,0
0.41371832928152846,0,2.0,0,0
0.4095811459887132,0,2.0,0,0
0.40548533452882607,0,2.0,0,0
0.4014304811835378,0,2.0,0,0
0.3974161763717024,0,2.0,0,0
0.3934420146079854,0,2.0,0,0
0.3895075944619055,0,2.0,0,0
0.38561251851728645,0,2.0,0,0
0.3817563933321136,0,2.0,0,0
0.3779388293987924,0,2.0,0,0
0.3741594411048045,0,2.0,0,0
0.37041784669375644,0,2.0,0,0
0.3667136682268189,0,2.0,0,0
0.3630465315445507,0,2.0,0,0
0.35941606622910516,0,2.0,0,0
0.3558219055668141,0,2.0,0,0
0.3522636865111459,0,2.0,0,0
0.3487410496460345,0,2.0,0,0
0.34525363914957413,0,2.0,0,0
0.3418011027580784,0,2.0,0,0
0.33838309173049763,0,2.0,0,0
0.33499926081319265,0,2.0,0,0
0.33164926820506074,0,2.0,0,0
0.32833277552301016,0,2.0,0,0
0.32504944776778005,0,2.0,0,0
0.3217989532901023,0,2.0,0,0
0.31858096375720124,0,2.0,0,0
0.3153951541196292,0,2.0,0,0
0.3122412025784329,0,2.0,0,0
0.30911879055264857,0,2.0,0,0
0.3060276026471221,0,2.0,0,0
0.30296732662065085,0,2.0,0,0
0.29993765335444433,0,2.0,0,0
0.2969382768208999,0,2.0,0,0
0.2939688940526909,0,2.0,0,0
0.29102920511216396,0,2.0,0,0
0.2881189130610423,0,2.0,0,0
0.2852377239304319,0,2.0,0,0
0.2823853466911276,0,2.0,0,0
0.2795614932242163,0,2.0,0,0
0.27676587829197413,0,2.0,0,0
0.2739982195090544,0,2.0,0,0
0.27125823731396387,0,2.0,0,0
0.2685456549408242,0,2.0,0,0
0.26586019839141595,0,2.0,0,0
0.2632015964075018,0,2.0,0,0
0.26056958044342676,0,2.0,0,0
0.2579638846389925,0,2.0,0,0
0.25538424579260255,0,2.0,0,0
0.25283040333467655,0,2.0,0,0
0.2503020993013298,0,2.0,0,0
0.2477990783083165,0,2.0,0,0
0.24532108752523332,0,2.0,0,0
0.242867876649981,0,2.0,0,0
0.24043919788348117,0,2.0,0,0
0.23803480590464635,0,2.0,0,0
0.23565445784559988,0,2.0,0,0
0.23329791326714389,0,2.0,0,0
0.23096493413447244,0,2.0,0,0
0.22865528479312772,0,2.0,0,0
0.22636873194519644,0,2.0,0,0
0.22410504462574446,0,2.0,0,0
0.22186399417948702,0,2.0,0,0
0.21964535423769216,0,2.0,0,0
0.21744890069531522,0,2.0,0,0
0.21527441168836206,0,2.0,0,0
0.21312166757147843,0,2.0,0,0
0.21099045089576365,0,2.0,0,0
0.208880546386806,0,2.0,0,0
0.20679174092293795,0,2.0,0,0
0.20472382351370857,0,2.0,0,0
0.2026765852785715,0,2.0,0,0
0.20064981942578577,0,2.0,0,0
0.19864332123152792,0,2.0,0,0
0.19665688801921263,0,2.0,0,0
0.19469031913902052,0,2.0,0,0
0.1927434159476303,0,2.0,0,0
0.190815981788154,0,2.0,0,0
0.18890782197027248,0,2.0,0,0
0.18701874375056976,0,2.0,0,0
0.18514855631306407,0,2.0,0,0
0.18329707074993343,0,2.0,0,0
0.1814641000424341,0,2.0,0,0
0.17964945904200977,0,2.0,0,0
0.17785296445158966,0,2.0,0,0
0.17607443480707377,0,2.0,0,0
0.17431369045900302,0,2.0,0,0
0.172570553554413,0,2.0,0,0
0.17084484801886887,0,2.0,0,0
0.16913639953868018,0,2.0,0,0
0.16744503554329337,0,2.0,0,0
0.16577058518786045,0,2.0,0,0
0.16411287933598184,0,2.0,0,0
0.16247175054262203,0,2.0,0,0
0.1608470330371958,0,2.0,0,0
0.15923856270682385,0,2.0,0,0
0.15764617707975562,0,2.0,0,0
0.15606971530895805,0,2.0,0,0
0.15450901815586848,0,2.0,0,0
0.1529639279743098,0,2.0,0,0
0.1514342886945667,0,2.0,0,0
0.14991994580762105,0,2.0,0,0
0.14842074634954483,0,2.0,0,0
0.14693653888604938,0,2.0,0,0
0.14546717349718888,0,2.0,0,0
0.144012501762217,0,2.0,0,0
0.14257237674459483,0,2.0,0,0
0.14114665297714887,0,2.0,0,0
0.1397351864473774,0,2.0,0,0
0.13833783458290363,0,2.0,0,0
0.13695445623707458,0,2.0,0,0
0.13558491167470385,0,2.0,0,0
0.1342290625579568,0,2.0,0,0
0.13288677193237725,0,2.0,0,0
0.13155790421305347,0,2.0,0,0
0.13024232517092293,0,2.0,0,0
0.1289399019192137,0,2.0,0,0
0.12765050290002156,0,2.0,0,0
0.12637399787102133,0,2.0,0,0
0.12511025789231112,0,2.0,0,0
0.12385915531338801,0,2.0,0,0
0.12262056376025413,0,2.0,0,0
0.12139435812265158,0,2.0,0,0
0.12018041454142506,0,2.0,0,0
0.1189786103960108,0,2.0,0,0
0.1177888242920507,0,2.0,0,0
0.1166109360491302,0,2.0,0,0
0.1154448266886389,0,2.0,0,0
0.1142903784217525,0,2.0,0,0
0.11314747463753498,0,2.0,0,0
0.11201599989115962,0,2.0,0,0
0.11089583989224802,0,2.0,0,0
0.10978688149332554,0,2.0,0,0
0.10868901267839227,0,2.0,0,0
0.10760212255160835,0,2.0,0,0
0.10652610132609226,0,2.0,0,0
0.10546084031283134,0,2.0,0,0
0.10440623190970302,0,2.0,0,0
0.103362169590606,0,2.0,0,0
0.10232854789469993,0,2.0,0,0
0.10130526241575293,0,2.0,0,0
0.1002922097915954,0,2.0,0,0
0.09928928769367944,0,2.0,0,0
0.09829639481674264,0,2.0,0,0
0.09731343086857522,0,2.0,0,0
0.09634029655988946,0,2.0,0,0
0.09537689359429057,0,2.0,0,0
0.09442312465834767,0,2.0,0,0
0.09347889341176419,0,2.0,0,0
0.09254410447764655,0,2.0,0,0
0.09161866343287009,0,2.0,0,0
0.09070247679854139,0,2.0,0,0
0.08979545203055597,0,2.0,0,0
0.08889749751025042,0,2.0,0,0
0.08800852253514792,0,2.0,0,0
0.08712843730979644,0,2.0,0,0
0.08625715293669847,0,2.0,0,0
0.08539458140733149,0,2.0,0,0
0.08454063559325817,0,2.0,0,0
0.08369522923732559,0,2.0,0,0
0.08285827694495233,0,2.0,0,0
0.08202969417550281,0,2.0,0,0
0.08120939723374777,0,2.0,0,0
0.0803973032614103,0,2.0,0,0
0.0795933302287962,0,2.0,0,0
0.07879739692650824,0,2.0,0,0
0.07800942295724315,0,2.0,0,0
0.07722932872767073,0,2.0,0,0
0.07645703544039402,0,2.0,0,0
0.07569246508599008,0,2.0,0,0
0.07493554043513018,0,2.0,0,0
0.07418618503077888,0,2.0,0,0
0.07344432318047109,0,2.0,0,0
0.07270987994866637,0,2.0,0,0
0.0719827811491797,0,2.0,0,0
0.07126295333768791,0,2.0,0,0
0.07055032380431103,0,2.0,0,0
0.06984482056626792,0,2.0,0,0
0.06914637236060524,0,2.0,0,0
0.06845490863699918,0,2.0,0,0
0.0677703595506292,0,2.0,0,0
0.0670926559551229,0,2.0,0,0
0.06642172939557167,0,2.0,0,0
0.06575751210161596,0,2.0,0,0
0.06509993698059979,0,2.0,0,0
0.06444893761079379,0,2.0,0,0
0.06380444823468585,0,2.0,0,0
0.06316640375233899,0,2.0,0,0
0.0625347397148156,0,2.0,0,0
0.06190939231766744,0,2.0,0,0
0.061290298394490766,0,2.0,0,0
0.060677395410545856,0,2.0,0,0
0.0600706214564404,0,2.0,0,0
0.05946991524187599,0,2.0,0,0
0.05887521608945723,0,2.0,0,0
0.058286463928562654,0,2.0,0,0
0.05770359928927703,0,2.0,0,0
0.057126563296384256,0,2.0,0,0
0.05655529766342041,0,2.0,0,0
0.055989744686786205,0,2.0,0,0
0.05542984723991834,0,2.0,0,0
0.054875548767519156,0,2.0,0,0
0.054326793279843966,0,2.0,0,0
0.05378352534704552,0,2.0,0,0
0.05324569009357507,0,2.0,0,0
0.05271323319263932,0,2.0,0,0
0.052186100860712924,0,2.0,0,0
0.051664239852105796,0,2.0,0,0
0.051147597453584735,0,2.0,0,0
0.05063612147904889,0,2.0,0,0
0.0501297602642584,0,2.0,0,0
0.049628462661615816,0,2.0,0,0
0.049132178034999655,0,2.0,0,0
0.04864085625464966,0,2.0,0,0
0.04815444769210316,0,2.0,0,0
0.04767290321518213,0,2.0,0,0
0.04719617418303031,0,2.0,0,0
0.0467242124412,0,2.0,0,0
0.046256970316788,0,2.0,0,0
0.04579440061362012,0,2.0,0,0
0.045336456607483915,0,2.0,0,0
0.04488309204140908,0,2.0,0,0
0.04443426112099499,0,2.0,0,0
0.043989918509785036,0,2.0,0,0
0.04355001932468719,0,2.0,0,0
0.043114519131440314,0,2.0,0,0
0.04268337394012591,0,2.0,0,0
0.042256540200724654,0,2.0,0,0
0.04183397479871741,0,2.0,0,0
0.04141563505073023,0,2.0,0,0
0.04100147870022293,0,2.0,0,0
0.0405914639132207,0,2.0,0,0
0.040185549274088496,0,2.0,0,0
0.039783693781347614,0,2.0,0,0
0.039385856843534135,0,2.0,0,0
0.03899199827509879,0,2.0,0,0
0.038602078292347804,0,2.0,0,0
0.03821605750942433,0,2.0,0,0
0.037833896934330084,0,2.0,0,0
0.037455557964986785,0,2.0,0,0
0.03708100238533692,0,2.0,0,0
0.03671019236148355,0,2.0,0,0
0.03634309043786871,0,2.0,0,0
0.03597965953349002,0,2.0,0,0
0.03561986293815512,0,2.0,0,0
0.03526366430877357,0,2.0,0,0
0.03491102766568583,0,2.0,0,0
0.03456191738902897,0,2.0,0,0
0.034216298215138684,0,2.0,0,0
0.033874135232987296,0,2.0,0,0
0.033535393880657426,0,2.0,0,0
0.03320003994185085,0,2.0,0,0
0.03286803954243234,0,2.0,0,0
0.032539359147008014,0,2.0,0,0
0.03221396555553793,0,2.0,0,0
0.03189182589998255,0,2.0,0,0
0.03157290764098273,0,2.0,0,0
0.0312571785645729,0,2.0,0,0
0.03094460677892717,0,2.0,0,0
0.030635160711137897,0,2.0,0,0
0.03032880910402652,0,2.0,0,0
0.030025521012986254,0,2.0,0,0
0.02972526580285639,0,2.0,0,0
0.029428013144827826,0,2.0,0,0
0.02913373301337955,0,2.0,0,0
0.028842395683245755,0,2.0,0,0
0.0285539717264133,0,2.0,0,0
0.028268432009149164,0,2.0,0,0
0.02798574768905767,0,2.0,0,0
0.027705890212167093,0,2.0,0,0
0.02742883131004542,0,2.0,0,0
0.027154542996944968,0,2.0,0,0
0.026882997566975517,0,2.0,0,0
0.026614167591305762,0,2.0,0,0
0.026348025915392703,0,2.0,0,0
0.026084545656238776,0,2.0,0,0
0.025823700199676388,0,2.0,0,0
0.025565463197679623,0,2.0,0,0
0.025309808565702828,0,2.0,0,0
0.0250567104800458,0,2.0,0,0
0.024806143375245344,0,2.0,0,0
0.02455808194149289,0,2.0,0,0
0.02431250112207796,0,2.0,0,0
0.024069376110857178,0,2.0,0,0
0.023828682349748605,0,2.0,0,0
0.02359039552625112,0,2.0,0,0
0.02335449157098861,0,2.0,0,0
0.023120946655278724,0,2.0,0,0
0.022889737188725934,0,2.0,0,0
0.022660839816838675,0,2.0,0,0
0.02243423141867029,0,2.0,0,0
0.022209889104483585,0,2.0,0,0
0.02198779021343875,0,2.0,0,0
0.02176791231130436,0,2.0,0,0
0.02155023318819132,0,2.0,0,0
0.021334730856309405,0,2.0,0,0
0.02112138354774631,0,2.0,0,0
0.020910169712268847,0,2.0,0,0
0.020701068015146158,0,2.0,0,0
0.020494057334994695,0,2.0,0,0
0.020289116761644747,0,2.0,0,0
0.020086225594028298,0,2.0,0,0
0.019885363338088016,0,2.0,0,0
0.019686509704707134,0,2.0,0,0
0.01948964460766006,0,2.0,0,0
0.019294748161583462,0,2.0,0,0
0.019101800679967626,0,2.0,0,0
0.01891078267316795,0,2.0,0,0
0.01872167484643627,0,2.0,0,0
0.018534458097971905,0,2.0,0,0
0.018349113516992185,0,2.0,0,0
0.018165622381822264,0,2.0,0,0
0.01798396615800404,0,2.0,0,0
0.017804126496424,0,2.0,0,0
0.017626085231459757,0,2.0,0,0
0.01744982437914516,0,2.0,0,0
0.017275326135353708,0,2.0,0,0
0.01710257287400017,0,2.0,0,0
0.01693154714526017,0,2.0,0,0
0.016762231673807568,0,2.0,0,0
0.016594609357069492,0,2.0,0,0
0.016428663263498795,0,2.0,0,0
0.016264376630863806,0,2.0,0,0
0.016101732864555168,0,2.0,0,0
0.015940715535909616,0,2.0,0,0
0.01578130838055052,0,2.0,0,0
0.015623495296745013,0,2.0,0,0
0.015467260343777564,0,2.0,0,0
0.015312587740339789,0,2.0,0,0
0.01515946186293639,0,2.0,0,0
0.015007867244307025,0,2.0,0,0
0.014857788571863956,0,2.0,0,0
0.014709210686145316,0,2.0,0,0
0.014562118579283863,0,2.0,0,0
0.014416497393491025,0,2.0,0,0
0.014272332419556114,0,2.0,0,0
0.014129609095360552,0,2.0,0,0
0.013988313004406948,0,2.0,0,0
0.013848429874362878,0,2.0,0,0
0.01370994557561925,0,2.0,0,0
0.013572846119863057,0,2.0,0,0
0.013437117658664425,0,2.0,0,0
0.013302746482077781,0,2.0,0,0
0.013169719017257003,0,2.0,0,0
0.013038021827084433,0,2.0,0,0
0.012907641608813587,0,2.0,0,0
0.01277856519272545,0,2.0,0,0
0.012650779540798195,0,2.0,0,0
0.012524271745390213,0,2.0,0,0
0.01239902902793631,0,2.0,0,0
0.012275038737656946,0,2.0,0,0
0.012152288350280377,0,2.0,0,0
0.012030765466777572,0,2.0,0,0
0.011910457812109795,0,2.0,0,0
0.011791353233988697,0,2.0,0,0
0.011673439701648811,0,2.0,0,0
0.011556705304632323,0,2.0,0,0
0.011441138251586,0,2.0,0,0
0.011326726869070141,0,2.0,0,0
0.01121345960037944,0,2.0,0,0
0.011101325004375644,0,2.0,0,0
0.010990311754331888,0,2.0,0,0
0.01088040863678857,0,2.0,0,0
0.010771604550420684,0,2.0,0,0
0.010663888504916477,0,2.0,0,0
0.010557249619867311,0,2.0,0,0
0.010451677123668639,0,2.0,0,0
0.010347160352431953,0,2.0,0,0
0.010243688748907633,0,2.0,0,0
0.010141251861418557,0,2.0,0,0
0.010039839342804372,0,2.0,0,0
0.009939440949376328,0,2.0,0,0
