Timestamp,POS,VEL,Torq
1648841514.724491,1.5115968566414892,-0.015873015873012264,-0.0006593406593404794
1648841514.745239,1.4963378347447929,0.5873015873015817,-0.004615384615384688
1648841514.766495,1.4822232394903487,-0.904761904761898,-0.017802197802197828
1648841514.787495,1.4711604486152439,-0.904761904761898,-0.017802197802197828
1648841514.808243,1.4440756847486078,0.26984126984126533,0.011208791208791258
1648841514.829114,1.4322499427786681,-0.4285714285714306,0.004615384615384688
1648841514.849994,1.4204242008087284,-0.2380952380952408,-0.001978021978021882
1648841514.870868,1.4074540321965365,-0.17460317460317754,-0.003296703296703285
1648841514.891871,1.399443045700771,0.07936507936507553,-0.017802197802197828
1648841514.912745,1.382658121614405,0.2380952380952408,-0.02043956043956019
1648841514.933619,1.3704509040970478,-0.6190476190476204,-0.024395604395604398
1648841514.954494,1.3532845044632644,-0.30158730158730407,-0.009890109890109855
1648841514.975491,1.3338292515449766,-0.8730158730158735,0.0006593406593404794
1648841514.996495,1.3292515449759676,-0.5555555555555571,-0.009890109890109855
1648841515.017246,1.3185702296482802,1.0,-0.01252747252747266
1648841515.03812,1.3033112077515838,0.39682539682539186,-0.021758241758241592
1648841515.058993,1.2930113679713138,-0.6507936507936449,-0.02967032967033001
1648841515.079868,1.2773708705272,-0.30158730158730407,-0.017802197802197828
1648841515.100741,1.2632562752727559,0.07936507936507553,-0.01648351648351687
1648841515.121618,1.247234302281223,-0.6190476190476204,-0.009890109890109855
1648841515.143135,1.2434195468070488,-0.11111111111111427,-0.024395604395604398
1648841515.164123,1.2247272449835958,0.46031746031745513,-0.015164835164835022
1648841515.184873,1.2159533073929953,-0.6507936507936449,-0.0257142857142858
1648841515.205743,1.207179369802395,0.3333333333333286,-0.0257142857142858
1648841515.226774,1.1881055924315245,-0.17460317460317754,-0.01648351648351687
1648841515.247618,1.179331654840924,-0.7777777777777715,-0.01648351648351687
1648841515.268622,1.1663614862287321,0.36507936507936734,-0.011208791208791258
1648841515.289499,1.1511024643320358,-0.36507936507936734,-0.01252747252747266
1648841515.310245,1.1488136110475313,0.015873015873012264,-0.0257142857142858
1648841515.33112,1.1320286869611653,0.1428571428571388,-0.01912087912087923
1648841515.351485,1.127069504844739,-0.1428571428571388,-0.030989010989010968
1648841515.372119,1.1095216296635382,0.015873015873012264,-0.02043956043956019
1648841515.392744,1.0984588387884333,-0.7460317460317469,-0.021758241758241592
1648841515.413621,1.0931181811245896,0.2380952380952408,-0.021758241758241592
1648841515.434495,1.074807354848554,0.26984126984126533,-0.01252747252747266
1648841515.4555,1.0713740749217973,0.07936507936507553,-0.02703296703296676
1648841515.47637,1.0564965285725183,-0.36507936507936734,-0.02043956043956019
1648841515.497252,1.0511558709086746,-0.17460317460317754,-0.02967032967033001
1648841515.518125,1.0351338979171434,0.6507936507936449,-0.01912087912087923
1648841515.538871,1.0248340581368733,-0.17460317460317754,-0.021758241758241592
1648841515.559876,1.0168230716411077,-0.5555555555555571,-0.024395604395604398
1648841515.580751,1.0080491340505073,-0.4285714285714306,-0.0257142857142858
1648841515.601497,1.0004196231021592,-0.5238095238095184,-0.02967032967033001
1648841515.622374,0.9870679789425498,0.2380952380952408,-0.024395604395604398
1648841515.642864,0.976005188067445,-0.1428571428571388,-0.02703296703296676
1648841515.663362,0.9683756771190968,-0.49206349206349387,-0.02967032967033001
1648841515.684125,0.9607461661707486,-0.2380952380952408,-0.03362637362637333
1648841515.705003,0.9554055085069049,-0.36507936507936734,-0.0415384615384613
1648841515.725878,0.942435339894713,-0.26984126984126533,-0.03362637362637333
1648841515.746782,0.9313725490196081,-0.7777777777777715,-0.030989010989010968
1648841515.767625,0.921072709239338,0.1428571428571388,-0.0257142857142858
1648841515.788502,0.9100099183642332,-0.17460317460317754,-0.0257142857142858
1648841515.809378,0.9073395895323113,-0.26984126984126533,-0.03626373626373658
1648841515.830255,0.902380407415885,0.46031746031745513,-0.04417582417582411
1648841515.851128,0.8909361409933627,-0.26984126984126533,-0.04681318681318691
1648841515.872004,0.8821622034027623,-1.0,-0.04021978021978034
1648841515.892879,0.8653772793163963,0.3333333333333286,-0.01912087912087923
1648841515.913754,0.8577477683680481,-0.11111111111111427,-0.021758241758241592
1648841515.934629,0.8524071107042044,0.5238095238095184,-0.0257142857142858
1648841515.955629,0.8443961242084388,0.1428571428571388,-0.03362637362637333
1648841515.976378,0.8432516975661866,0.1428571428571388,-0.04945054945054972
1648841515.997255,0.8321889066910817,-0.39682539682539186,-0.04945054945054972
1648841516.018131,0.820363164721142,-0.7460317460317469,-0.03758241758241754
1648841516.039004,0.8073929961089501,0.07936507936507553,-0.01912087912087923
1648841516.05988,0.8005264362554367,0.26984126984126533,-0.021758241758241592
1648841516.080627,0.7917524986648363,0.20634920634920206,-0.02703296703296676
1648841516.101631,0.7917524986648363,0.26984126984126533,-0.0415384615384613
1648841516.122506,0.7837415121690707,-0.047619047619051,-0.04945054945054972
1648841516.143382,0.780308232242314,-0.2380952380952408,-0.05472527472527444
1648841516.164257,0.763523308155948,-0.36507936507936734,-0.03626373626373658
1648841516.185133,0.755130846112765,-0.9682539682539613,-0.02703296703296676
1648841516.206008,0.7467383840695803,0.26984126984126533,-0.01912087912087923
1648841516.22688,0.7413977264057365,0.3333333333333286,-0.028351648351648162
1648841516.247752,0.7341496910048058,0.3333333333333286,-0.03494505494505473
1648841516.268628,0.7333867399099709,0.1428571428571388,-0.04681318681318691
1648841516.289633,0.7238498512245357,-0.015873015873012264,-0.04945054945054972
1648841516.310506,0.7215609979400313,-0.17460317460317754,-0.05604395604395629
1648841516.3315,0.7074464026855871,-0.26984126984126533,-0.03890109890109894
1648841516.352379,0.7005798428320738,-0.4285714285714306,-0.03362637362637333
1648841516.373129,0.6891355764095515,0.07936507936507553,-0.021758241758241592
1648841516.393756,0.6853208209353774,0.3333333333333286,-0.02703296703296676
1648841516.414632,0.6769283588921944,0.11111111111111427,-0.02967032967033001
1648841516.435505,0.676546883344777,0.2380952380952408,-0.04285714285714315
1648841516.45651,0.6742580300602725,0.2380952380952408,-0.05472527472527444
1648841516.477255,0.6651026169222547,-0.17460317460317754,-0.05736263736263725
1648841516.498131,0.6593804837109936,-0.7460317460317469,-0.05076923076923068
1648841516.519134,0.6452658884565494,0.20634920634920206,-0.03230769230769237
1648841516.540009,0.6330586709391923,-0.49206349206349387,-0.02307692307692344
1648841516.56063,0.6307698176546879,-0.4285714285714306,-0.02307692307692344
1648841516.581506,0.6288624399176008,0.07936507936507553,-0.02967032967033001
1648841516.602381,0.6277180132753486,0.11111111111111427,-0.04417582417582411
1648841516.62351,0.6250476844434267,0.11111111111111427,-0.05736263736263725
1648841516.644011,0.6151293202105741,0.07936507936507553,-0.06000000000000005
1648841516.664757,0.6074998092622259,-0.904761904761898,-0.05076923076923068
1648841516.685502,0.5983443961242081,-0.5238095238095184,-0.03626373626373658
1648841516.706256,0.5914778362706947,-0.39682539682539186,-0.03230769230769237
1648841516.727133,0.5872816052491032,0.2380952380952408,-0.03362637362637333
1648841516.748136,0.5781261921110854,0.015873015873012264,-0.03362637362637333
1648841516.769011,0.577744716563668,0.015873015873012264,-0.0415384615384613
1648841516.789762,0.5701152056153198,-0.30158730158730407,-0.0415384615384613
1648841516.810637,0.5678263523308154,-0.047619047619051,-0.04417582417582411
1648841516.831639,0.5594338902876324,-0.17460317460317754,-0.04417582417582411
1648841516.852513,0.5575265125505453,-0.047619047619051,-0.04813186813186787
1648841516.873388,0.5491340505073623,-0.015873015873012264,-0.04681318681318691
1648841516.894264,0.5479896238651101,0.015873015873012264,-0.05208791208791208
1648841516.915139,0.5384527351796748,-0.30158730158730407,-0.04681318681318691
1648841516.936014,0.5373083085374226,-0.047619047619051,-0.05076923076923068
1648841516.956888,0.5254825665674829,-0.17460317460317754,-0.0415384615384613
1648841516.977764,0.5197604333562218,-0.6507936507936449,-0.03494505494505473
1648841516.998639,0.5167086289768825,-0.2380952380952408,-0.03494505494505473
1648841517.019511,0.5109864957656214,0.6190476190476204,-0.030989010989010968
1648841517.040384,0.5090791180285343,0.46031746031745513,-0.04021978021978034
1648841517.061262,0.5060273136491951,0.2380952380952408,-0.04945054945054972
1648841517.08214,0.5010681315327687,-0.39682539682539186,-0.05472527472527444
1648841517.103015,0.4995422293430991,-0.11111111111111427,-0.05868131868131865
1648841517.123894,0.48962386511024647,0.015873015873012264,-0.05208791208791208
1648841517.144765,0.4861905851834898,-0.30158730158730407,-0.04813186813186787
1648841517.165682,0.4793240253299764,0.3333333333333286,-0.03890109890109894
1648841517.186523,0.470550087739376,-0.30158730158730407,-0.03758241758241754
1648841517.207426,0.4697871366445412,-0.11111111111111427,-0.0415384615384613
1648841517.228304,0.4610131990539408,-0.047619047619051,-0.03758241758241754
1648841517.249178,0.46025024795910596,-0.015873015873012264,-0.04021978021978034
1648841517.26994,0.45376516365301,-0.36507936507936734,-0.03758241758241754
1648841517.290803,0.4526207370107578,-0.047619047619051,-0.0415384615384613
1648841517.311803,0.4499504081788359,0.015873015873012264,-0.04813186813186787
1648841517.33268,0.44384679942015737,-0.2380952380952408,-0.04945054945054972
1648841517.353557,0.44270237277790514,0.015873015873012264,-0.05208791208791208
1648841517.374555,0.43965056839856587,0.11111111111111427,-0.05472527472527444
1648841517.395306,0.4320210574502177,0.11111111111111427,-0.05340659340659348
1648841517.416182,0.43087663080796546,-0.015873015873012264,-0.05472527472527444
1648841517.43706,0.42248416876478245,-0.26984126984126533,-0.04945054945054972
1648841517.457932,0.4209582665751128,-0.1428571428571388,-0.04945054945054972
1648841517.478807,0.411802853437095,0.20634920634920206,-0.0415384615384613
1648841517.49968,0.40951400015259054,-0.26984126984126533,-0.04021978021978034
1648841517.520557,0.4045548180361642,0.26984126984126533,-0.03362637362637333
1648841517.541561,0.3999771114671553,0.015873015873012264,-0.03626373626373658
1648841517.562306,0.3961623559929812,0.11111111111111427,-0.03626373626373658
1648841517.583179,0.395017929350729,0.015873015873012264,-0.0415384615384613
1648841517.603921,0.3942549782558942,-0.015873015873012264,-0.04945054945054972
1648841517.624803,0.3908216983291375,-0.015873015873012264,-0.05472527472527444
1648841517.646561,0.38548104066529376,0.20634920634920206,-0.05340659340659348
1648841517.667434,0.3835736629282067,-0.015873015873012264,-0.05472527472527444
1648841517.688311,0.37632562752727594,-0.4285714285714306,-0.04813186813186787
1648841517.708927,0.3751812008850237,-0.047619047619051,-0.05076923076923068
1648841517.729808,0.37212939650568444,-0.047619047619051,-0.05340659340659348
1648841517.750685,0.3656443121995885,-0.047619047619051,-0.05076923076923068
1648841517.771554,0.3652628366521711,-0.047619047619051,-0.05208791208791208
1648841517.792433,0.35992217898832735,-0.39682539682539186,-0.04813186813186787
1648841517.813306,0.35534447241931844,-0.047619047619051,-0.04285714285714315
1648841517.83419,0.346570534828718,0.07936507936507553,-0.03626373626373658
1648841517.855059,0.3461890592813006,0.11111111111111427,-0.03758241758241754
1648841517.875935,0.34390020599679616,0.07936507936507553,-0.0415384615384613
1648841517.896808,0.3416113527122917,-0.047619047619051,-0.04285714285714315
1648841517.917687,0.33932249942778725,0.07936507936507553,-0.04681318681318691
1648841517.938563,0.3377965972381176,0.07936507936507553,-0.04945054945054972
1648841517.959434,0.33550774395361316,0.015873015873012264,-0.05340659340659348
1648841517.98031,0.3290226596475172,-0.30158730158730407,-0.04945054945054972
1648841518.001187,0.3286411841000998,-0.015873015873012264,-0.05208791208791208
1648841518.022188,0.32673380636301275,0.07936507936507553,-0.05472527472527444
1648841518.042918,0.321393148699169,-0.30158730158730407,-0.05208791208791208
1648841518.063938,0.31948577096208197,-0.047619047619051,-0.05208791208791208
1648841518.084814,0.31795986877241234,-0.047619047619051,-0.05604395604395629
1648841518.105559,0.3122377355611512,-0.36507936507936734,-0.05076923076923068
1648841518.126564,0.3091859311818119,-0.1428571428571388,-0.04813186813186787
1648841518.147431,0.3076600289921423,-0.015873015873012264,-0.05208791208791208
1648841518.168187,0.30193789578088115,-0.5555555555555571,-0.04549450549450551
1648841518.189194,0.2996490424963767,-0.11111111111111427,-0.04417582417582411
1648841518.210066,0.29774166475928965,0.11111111111111427,-0.04813186813186787
1648841518.23094,0.29011215381094146,-0.30158730158730407,-0.04285714285714315
1648841518.251814,0.28973067826352406,-0.015873015873012264,-0.0415384615384613
1648841518.272689,0.2885862516212718,0.07936507936507553,-0.04681318681318691
1648841518.293565,0.2836270695048455,-0.2380952380952408,-0.04285714285714315
1648841518.314313,0.2832455939574281,-0.015873015873012264,-0.04681318681318691
1648841518.335315,0.28210116731517587,-0.047619047619051,-0.05076923076923068
1648841518.356191,0.28057526512550623,0.07936507936507553,-0.05472527472527444
1648841518.377066,0.279430838483254,-0.015873015873012264,-0.06000000000000005
1648841518.397941,0.27752346074616696,-0.047619047619051,-0.06263736263736286
1648841518.418689,0.27332722972457546,-0.11111111111111427,-0.06000000000000005
1648841518.439693,0.27256427862974064,-0.11111111111111427,-0.06263736263736286
1648841518.460565,0.2706569008926536,0.015873015873012264,-0.06395604395604426
1648841518.481439,0.2676050965133143,-0.11111111111111427,-0.06263736263736286
1648841518.502314,0.2634088654917228,0.015873015873012264,-0.05868131868131865
1648841518.523189,0.2630273899443054,0.07936507936507553,-0.06131868131868101
1648841518.544066,0.26112001220721837,-0.047619047619051,-0.06527472527472522
1648841518.564942,0.25654230563820946,-0.4285714285714306,-0.06000000000000005
1648841518.585816,0.2538719768062876,-0.015873015873012264,-0.05472527472527444
1648841518.606692,0.2512016479743657,0.015873015873012264,-0.05604395604395629
1648841518.627565,0.244716563668268,-0.5238095238095184,-0.04813186813186787
1648841518.648441,0.24280918593118095,-0.11111111111111427,-0.04549450549450551
1648841518.669318,0.24166475928892872,-0.015873015873012264,-0.04945054945054972
1648841518.69015,0.2367055771725024,-0.4285714285714306,-0.04417582417582411
1648841518.711155,0.23479819943541536,-0.1428571428571388,-0.04021978021978034
1648841518.732029,0.23403524834058054,0.015873015873012264,-0.04549450549450551
1648841518.752905,0.2321278706034935,-0.015873015873012264,-0.04681318681318691
1648841518.77365,0.23098344396124126,0.015873015873012264,-0.04945054945054972
1648841518.794525,0.23060196841382385,-0.047619047619051,-0.05472527472527444
1648841518.815526,0.22602426184481494,-0.1428571428571388,-0.05208791208791208
1648841518.83653,0.22564278629739754,-0.047619047619051,-0.05208791208791208
1648841518.857276,0.2237354085603105,-0.015873015873012264,-0.05340659340659348
1648841518.878152,0.22259098191805826,0.07936507936507553,-0.05604395604395629
1648841518.899026,0.22182803082322344,0.015873015873012264,-0.05868131868131865
1648841518.919903,0.22144655527580603,-0.015873015873012264,-0.06395604395604426
1648841518.940907,0.22068360418097122,-0.047619047619051,-0.06791208791208758
1648841518.961656,0.21763179980163194,-0.2380952380952408,-0.06659340659340662
1648841518.982657,0.21381704432745785,-0.015873015873012264,-0.06131868131868101
1648841519.003529,0.21114671549553599,-0.047619047619051,-0.06000000000000005
1648841519.024408,0.2080949111161967,-0.30158730158730407,-0.05736263736263725
1648841519.045282,0.20580605783169226,-0.015873015873012264,-0.05208791208791208
1648841519.066162,0.20542458228427485,-0.015873015873012264,-0.05736263736263725
1648841519.087034,0.20466163118944003,-0.047619047619051,-0.06131868131868101
1648841519.107905,0.2038986800946052,0.015873015873012264,-0.06395604395604426
1648841519.12878,0.2031357289997704,-0.015873015873012264,-0.06659340659340662
1648841519.149657,0.1993209735255963,-0.2380952380952408,-0.06263736263736286
1648841519.170534,0.1951247425040048,0.1428571428571388,-0.05340659340659348
1648841519.19141,0.19359884031433516,0.015873015873012264,-0.05472527472527444
1648841519.212155,0.19207293812466553,-0.015873015873012264,-0.05604395604395629
1648841519.233159,0.18978408484016107,-0.047619047619051,-0.05472527472527444
1648841519.253906,0.18596932936598698,-0.11111111111111427,-0.04945054945054972
1648841519.274793,0.18482490272373475,0.015873015873012264,-0.04945054945054972
1648841519.295656,0.1829175249866477,-0.047619047619051,-0.04945054945054972
1648841519.316531,0.1783398184176388,-0.4285714285714306,-0.0415384615384613
1648841519.337535,0.17566948958571693,-0.047619047619051,-0.03494505494505473
1648841519.358281,0.1749065384908821,-0.015873015873012264,-0.03890109890109894
1648841519.379169,0.1741435873960473,-0.015873015873012264,-0.0415384615384613
1648841519.400033,0.17376211184862989,0.015873015873012264,-0.04549450549450551
1648841519.420907,0.17338063630121248,-0.015873015873012264,-0.04945054945054972
1648841519.441781,0.17185473411154284,-0.015873015873012264,-0.05076923076923068
1648841519.462657,0.16956588082703838,-0.11111111111111427,-0.04945054945054972
1648841519.483533,0.16689555199511652,0.07936507936507553,-0.04417582417582411
1648841519.504537,0.1661326009002817,0.07936507936507553,-0.04549450549450551
1648841519.525407,0.16536964980544688,-0.047619047619051,-0.04813186813186787
1648841519.546288,0.16498817425802947,0.07936507936507553,-0.05208791208791208
1648841519.567161,0.16498817425802947,0.015873015873012264,-0.05604395604395629
1648841519.588038,0.16422522316319466,-0.015873015873012264,-0.06000000000000005
1648841519.608778,0.16384374761577725,-0.015873015873012264,-0.06131868131868101
1648841519.629148,0.1619363698786902,-0.015873015873012264,-0.06131868131868101
1648841519.649957,0.15964751659418575,-0.17460317460317754,-0.06000000000000005
1648841519.670819,0.15697718776226388,0.07936507936507553,-0.05472527472527444
1648841519.69179,0.15621423666742906,-0.047619047619051,-0.05736263736263725
1648841519.712663,0.15545128557259424,-0.047619047619051,-0.05868131868131865
1648841519.733539,0.15468833447775943,-0.015873015873012264,-0.06000000000000005
1648841519.754414,0.15430685893034202,-0.11111111111111427,-0.06263736263736286
1648841519.775285,0.1535439078355072,-0.047619047619051,-0.06527472527472522
1648841519.796161,0.1531624322880898,0.015873015873012264,-0.06659340659340662
1648841519.817041,0.15163653009842015,-0.047619047619051,-0.06923076923076943
1648841519.837915,0.14705882352941124,-0.30158730158730407,-0.06000000000000005
1648841519.858801,0.14591439688715901,-0.047619047619051,-0.05604395604395629
1648841519.879662,0.1447699702449068,-0.015873015873012264,-0.05736263736263725
1648841519.900533,0.14400701915007197,0.11111111111111427,-0.05868131868131865
1648841519.921288,0.14362554360265456,0.015873015873012264,-0.06131868131868101
1648841519.942162,0.14362554360265456,-0.047619047619051,-0.06527472527472522
1648841519.963167,0.14324406805523715,-0.047619047619051,-0.06791208791208758
1648841519.984043,0.1413366903181501,-0.11111111111111427,-0.06659340659340662
1648841520.004918,0.13485160601205415,-0.26984126984126533,-0.05472527472527444
1648841520.025792,0.13408865491721933,-0.047619047619051,-0.05208791208791208
1648841520.046537,0.1333257038223845,-0.047619047619051,-0.05076923076923068
1648841520.067542,0.13141832608529747,-0.015873015873012264,-0.04945054945054972
1648841520.088289,0.13218127718013228,0.1428571428571388,-0.05472527472527444
1648841520.109163,0.13179980163271487,0.015873015873012264,-0.05868131868131865
1648841520.130169,0.12951094834821042,-0.17460317460317754,-0.05472527472527444
1648841520.151043,0.12569619287403633,0.015873015873012264,-0.04681318681318691
1648841520.171917,0.12417029068436669,0.015873015873012264,-0.04549450549450551
1648841520.192788,0.12302586404211446,-0.015873015873012264,-0.04549450549450551
1648841520.213669,0.12188143739986224,-0.015873015873012264,-0.04549450549450551
1648841520.234544,0.12226291294727964,0.015873015873012264,-0.04945054945054972
1648841520.255544,0.12188143739986224,-0.015873015873012264,-0.05208791208791208
1648841520.27629,0.1203555352101926,-0.1428571428571388,-0.04945054945054972
1648841520.297165,0.1161593041886011,0.07936507936507553,-0.0415384615384613
1648841520.318041,0.11501487754634887,-0.11111111111111427,-0.04021978021978034
1648841520.338917,0.11463340199893146,-0.015873015873012264,-0.0415384615384613
1648841520.35979,0.11463340199893146,-0.015873015873012264,-0.04417582417582411
1648841520.380677,0.11501487754634887,0.015873015873012264,-0.04813186813186787
1648841520.401546,0.11463340199893146,-0.015873015873012264,-0.05076923076923068
1648841520.422419,0.11387045090409664,-0.11111111111111427,-0.05208791208791208
1648841520.443293,0.1119630731670096,-0.047619047619051,-0.04945054945054972
1648841520.46417,0.1081483176928355,-0.2380952380952408,-0.04285714285714315
1648841520.485047,0.10738536659800069,-0.015873015873012264,-0.0415384615384613
1648841520.505922,0.10738536659800069,-0.015873015873012264,-0.04417582417582411
1648841520.526797,0.10700389105058328,-0.047619047619051,-0.04549450549450551
1648841520.547673,0.10700389105058328,-0.047619047619051,-0.04813186813186787
1648841520.568547,0.10662241550316587,-0.015873015873012264,-0.04945054945054972
1648841520.589423,0.10585946440833105,-0.015873015873012264,-0.05076923076923068
1648841520.610461,0.10547798886091364,-0.015873015873012264,-0.05208791208791208
1648841520.631414,0.10509651331349623,0.015873015873012264,-0.05340659340659348
1648841520.651786,0.10471503776607882,0.07936507936507553,-0.05604395604395629
1648841520.672295,0.10471503776607882,0.07936507936507553,-0.05736263736263725
1648841520.693051,0.10433356221866141,-0.047619047619051,-0.05868131868131865
1648841520.713923,0.1035706111238266,-0.015873015873012264,-0.05868131868131865
1648841520.734796,0.10318913557640919,-0.015873015873012264,-0.06000000000000005
1648841520.75567,0.10242618448157437,-0.047619047619051,-0.06131868131868101
1648841520.776677,0.10090028229190473,-0.1428571428571388,-0.06131868131868101
1648841520.797544,0.09822995345998287,-0.2380952380952408,-0.05472527472527444
1648841520.81842,0.09746700236514805,-0.1428571428571388,-0.05340659340659348
1648841520.839551,0.09632257572289582,-0.015873015873012264,-0.05340659340659348
1648841520.860297,0.09594110017547841,0.015873015873012264,-0.05340659340659348
1648841520.881171,0.095559624628061,-0.015873015873012264,-0.05604395604395629
1648841520.902047,0.095559624628061,0.07936507936507553,-0.05868131868131865
1648841520.92292,0.095559624628061,-0.047619047619051,-0.06000000000000005
1648841520.943797,0.09517814908064359,0.07936507936507553,-0.06131868131868101
1648841520.9648,0.09441519798580877,0.015873015873012264,-0.06131868131868101
1648841520.985676,0.09365224689097396,0.07936507936507553,-0.06131868131868101
1648841521.006551,0.09327077134355655,-0.047619047619051,-0.06131868131868101
1648841521.027428,0.09327077134355655,-0.047619047619051,-0.06263736263736286
1648841521.048302,0.09250782024872173,-0.11111111111111427,-0.06395604395604426
1648841521.069177,0.09060044251163468,-0.2380952380952408,-0.06131868131868101
1648841521.090051,0.08754863813229541,-0.015873015873012264,-0.05472527472527444
1648841521.110926,0.08678568703746059,-0.015873015873012264,-0.05340659340659348
1648841521.131799,0.08640421149004318,0.015873015873012264,-0.05340659340659348
1648841521.152678,0.08602273594262577,-0.047619047619051,-0.05604395604395629
1648841521.173553,0.08640421149004318,-0.047619047619051,-0.05736263736263725
1648841521.194427,0.08602273594262577,-0.047619047619051,-0.06000000000000005
1648841521.215304,0.08602273594262577,0.015873015873012264,-0.06131868131868101
1648841521.236178,0.08525978484779095,-0.015873015873012264,-0.06131868131868101
1648841521.25705,0.08449683375295614,0.015873015873012264,-0.06000000000000005
1648841521.277924,0.08449683375295614,-0.015873015873012264,-0.06131868131868101
1648841521.298799,0.08411535820553873,-0.015873015873012264,-0.06395604395604426
1648841521.319931,0.08411535820553873,-0.015873015873012264,-0.06527472527472522
1648841521.340805,0.08373388265812132,-0.047619047619051,-0.06659340659340662
1648841521.361679,0.08258945601586909,0.015873015873012264,-0.06527472527472522
1648841521.382556,0.07801174944686018,-0.39682539682539186,-0.05472527472527444
1648841521.403426,0.07648584725719054,-0.047619047619051,-0.05076923076923068
1648841521.424429,0.07610437170977313,-0.047619047619051,-0.05076923076923068
1648841521.445306,0.07572289616235572,-0.047619047619051,-0.05076923076923068
1648841521.466181,0.07572289616235572,0.015873015873012264,-0.05208791208791208
1648841521.487056,0.07572289616235572,0.015873015873012264,-0.05472527472527444
1648841521.507926,0.07572289616235572,-0.015873015873012264,-0.05736263736263725
1648841521.52893,0.07534142061493831,-0.11111111111111427,-0.05736263736263725
1648841521.549805,0.0745784695201035,0.015873015873012264,-0.05604395604395629
1648841521.570682,0.0745784695201035,-0.015873015873012264,-0.05736263736263725
1648841521.591806,0.07419699397268609,-0.015873015873012264,-0.06000000000000005
1648841521.612596,0.07419699397268609,-0.015873015873012264,-0.06000000000000005
1648841521.633344,0.07381551842526868,-0.047619047619051,-0.06263736263736286
1648841521.654217,0.07343404287785127,-0.047619047619051,-0.06131868131868101
1648841521.674964,0.07267109178301645,-0.015873015873012264,-0.06000000000000005
1648841521.695968,0.06733043411917272,-0.4285714285714306,-0.04945054945054972
1648841521.716808,0.0665674830243379,-0.11111111111111427,-0.04549450549450551
1648841521.737685,0.0661860074769205,0.015873015873012264,-0.04549450549450551
1648841521.758558,0.06542305638208568,-0.015873015873012264,-0.04549450549450551
1648841521.779557,0.06542305638208568,-0.015873015873012264,-0.04681318681318691
1648841521.800304,0.06580453192950309,0.11111111111111427,-0.04945054945054972
1648841521.821178,0.06542305638208568,-0.015873015873012264,-0.05076923076923068
1648841521.842055,0.06542305638208568,0.015873015873012264,-0.05076923076923068
1648841521.862929,0.06466010528725086,0.015873015873012264,-0.05076923076923068
1648841521.883805,0.06427862973983345,-0.047619047619051,-0.05076923076923068
1648841521.904681,0.06389715419241604,-0.015873015873012264,-0.05076923076923068
1648841521.925684,0.06389715419241604,-0.015873015873012264,-0.05208791208791208
1648841521.94656,0.06351567864499863,-0.11111111111111427,-0.05340659340659348
1648841521.967431,0.06313420309758122,-0.047619047619051,-0.05340659340659348
1648841521.98831,0.061226825360494175,-0.2380952380952408,-0.04945054945054972
1648841522.009185,0.05779354543373749,-0.015873015873012264,-0.03890109890109894
1648841522.03006,0.05741206988632008,-0.11111111111111427,-0.03890109890109894
1648841522.050807,0.056649118791485265,-0.1428571428571388,-0.04021978021978034
1648841522.071807,0.056649118791485265,-0.047619047619051,-0.0415384615384613
1648841522.092928,0.057030594338902674,-0.015873015873012264,-0.04285714285714315
1648841522.113812,0.057030594338902674,-0.015873015873012264,-0.04417582417582411
1648841522.134683,0.057030594338902674,0.015873015873012264,-0.04417582417582411
1648841522.155687,0.056649118791485265,0.11111111111111427,-0.04417582417582411
1648841522.176432,0.056267643244067855,0.015873015873012264,-0.04549450549450551
1648841522.197306,0.056267643244067855,-0.015873015873012264,-0.04549450549450551
1648841522.218184,0.055886167696650446,-0.015873015873012264,-0.04813186813186787
1648841522.239187,0.056267643244067855,0.07936507936507553,-0.04945054945054972
1648841522.260062,0.055886167696650446,0.015873015873012264,-0.04945054945054972
1648841522.280938,0.05550469214923304,-0.015873015873012264,-0.04945054945054972
1648841522.301684,0.05474174105439822,-0.047619047619051,-0.04945054945054972
1648841522.322557,0.05474174105439822,0.015873015873012264,-0.05076923076923068
1648841522.343559,0.05474174105439822,-0.047619047619051,-0.05076923076923068
1648841522.364563,0.05474174105439822,0.07936507936507553,-0.05208791208791208
1648841522.385309,0.05436026550698081,-0.015873015873012264,-0.05340659340659348
1648841522.406184,0.0539787899595634,-0.047619047619051,-0.05208791208791208
1648841522.42719,0.05359731441214599,0.015873015873012264,-0.05208791208791208
1648841522.447934,0.05321583886472858,0.015873015873012264,-0.05208791208791208
1648841522.468812,0.05321583886472858,-0.015873015873012264,-0.05208791208791208
1648841522.489689,0.05283436331731117,0.015873015873012264,-0.05340659340659348
1648841522.510565,0.051308461127641536,-0.1428571428571388,-0.05076923076923068
1648841522.531435,0.04940108339055449,-0.047619047619051,-0.04549450549450551
1648841522.552312,0.04901960784313708,-0.047619047619051,-0.04417582417582411
1648841522.573186,0.04901960784313708,-0.015873015873012264,-0.04417582417582411
1648841522.594558,0.04863813229571967,-0.015873015873012264,-0.04549450549450551
1648841522.615437,0.04863813229571967,-0.11111111111111427,-0.04681318681318691
1648841522.636313,0.04863813229571967,-0.047619047619051,-0.04681318681318691
1648841522.657192,0.04863813229571967,-0.047619047619051,-0.04945054945054972
1648841522.678067,0.04825665674830226,-0.047619047619051,-0.04813186813186787
1648841522.698938,0.04787518120088485,0.015873015873012264,-0.04813186813186787
1648841522.719813,0.04787518120088485,0.07936507936507553,-0.04945054945054972
1648841522.740688,0.04787518120088485,0.07936507936507553,-0.04945054945054972
1648841522.761563,0.04787518120088485,-0.015873015873012264,-0.05076923076923068
1648841522.782693,0.047493705653467444,-0.047619047619051,-0.05208791208791208
1648841522.803691,0.047493705653467444,0.015873015873012264,-0.05076923076923068
1648841522.824566,0.047112230106050035,-0.015873015873012264,-0.05208791208791208
1648841522.845319,0.047112230106050035,-0.015873015873012264,-0.05208791208791208
1648841522.86619,0.047112230106050035,0.015873015873012264,-0.05340659340659348
1648841522.88707,0.047112230106050035,0.015873015873012264,-0.05472527472527444
1648841522.90794,0.047112230106050035,-0.047619047619051,-0.05472527472527444
1648841522.928815,0.046730754558632626,-0.047619047619051,-0.05604395604395629
1648841522.949818,0.046730754558632626,0.015873015873012264,-0.05472527472527444
1648841522.97057,0.046730754558632626,-0.047619047619051,-0.05736263736263725
1648841522.991575,0.046349279011215216,-0.015873015873012264,-0.05736263736263725
1648841523.012446,0.046349279011215216,0.07936507936507553,-0.05868131868131865
1648841523.033321,0.046349279011215216,0.07936507936507553,-0.05736263736263725
1648841523.054196,0.046349279011215216,0.015873015873012264,-0.05868131868131865
1648841523.075071,0.04596780346379781,0.015873015873012264,-0.05868131868131865
1648841523.095943,0.04596780346379781,-0.047619047619051,-0.06000000000000005
1648841523.116816,0.04596780346379781,0.015873015873012264,-0.06000000000000005
1648841523.137692,0.04596780346379781,-0.015873015873012264,-0.06000000000000005
1648841523.158568,0.0455863279163804,0.015873015873012264,-0.06131868131868101
1648841523.179567,0.0455863279163804,0.015873015873012264,-0.06000000000000005
1648841523.200317,0.04520485236896299,-0.11111111111111427,-0.06131868131868101
1648841523.221197,0.04520485236896299,-0.047619047619051,-0.06263736263736286
1648841523.242071,0.04520485236896299,0.015873015873012264,-0.06131868131868101
1648841523.262945,0.04482337682154558,-0.015873015873012264,-0.06263736263736286
1648841523.283822,0.04482337682154558,-0.047619047619051,-0.06395604395604426
1648841523.304698,0.04482337682154558,0.015873015873012264,-0.06263736263736286
1648841523.325573,0.04444190127412817,0.07936507936507553,-0.06395604395604426
1648841523.346448,0.04406042572671076,-0.015873015873012264,-0.06395604395604426
1648841523.367444,0.04406042572671076,0.07936507936507553,-0.06395604395604426
1648841523.388324,0.04406042572671076,-0.015873015873012264,-0.06395604395604426
1648841523.40919,0.04367895017929335,-0.015873015873012264,-0.06395604395604426
1648841523.430197,0.04367895017929335,-0.015873015873012264,-0.06527472527472522
1648841523.451074,0.04329747463187594,-0.047619047619051,-0.06527472527472522
1648841523.47195,0.04329747463187594,-0.11111111111111427,-0.06395604395604426
1648841523.492824,0.042153047989623715,-0.047619047619051,-0.06395604395604426
1648841523.5137,0.03948271915770185,-0.1428571428571388,-0.05604395604395629
1648841523.534574,0.03871976806286703,-0.047619047619051,-0.05472527472527444
1648841523.555575,0.03833829251544962,-0.015873015873012264,-0.05340659340659348
1648841523.576321,0.03833829251544962,0.015873015873012264,-0.05340659340659348
1648841523.597196,0.03833829251544962,-0.015873015873012264,-0.05340659340659348
1648841523.618199,0.03833829251544962,-0.047619047619051,-0.05472527472527444
1648841523.639076,0.03833829251544962,-0.015873015873012264,-0.05604395604395629
1648841523.659951,0.03833829251544962,-0.11111111111111427,-0.05604395604395629
1648841523.680826,0.037956816968032214,0.015873015873012264,-0.05472527472527444
1648841523.7017,0.037956816968032214,-0.047619047619051,-0.05472527472527444
1648841523.722577,0.037956816968032214,0.015873015873012264,-0.05736263736263725
1648841523.743575,0.037956816968032214,-0.047619047619051,-0.05604395604395629
1648841523.764323,0.037956816968032214,0.07936507936507553,-0.05736263736263725
1648841523.785201,0.037575341420614805,-0.11111111111111427,-0.05736263736263725
1648841523.806078,0.037575341420614805,-0.047619047619051,-0.05736263736263725
1648841523.826951,0.037575341420614805,0.07936507936507553,-0.05604395604395629
1648841523.847824,0.037193865873197396,-0.047619047619051,-0.05868131868131865
1648841523.868698,0.037575341420614805,0.015873015873012264,-0.05868131868131865
1648841523.889575,0.037193865873197396,-0.047619047619051,-0.06000000000000005
1648841523.91058,0.037193865873197396,0.015873015873012264,-0.05868131868131865
1648841523.931453,0.037193865873197396,0.07936507936507553,-0.06000000000000005
1648841523.952329,0.037193865873197396,-0.015873015873012264,-0.06000000000000005
1648841523.973203,0.037193865873197396,-0.015873015873012264,-0.06000000000000005
1648841523.994078,0.037193865873197396,-0.015873015873012264,-0.06000000000000005
1648841524.014952,0.03681239032577999,-0.047619047619051,-0.06131868131868101
1648841524.03583,0.03681239032577999,-0.11111111111111427,-0.06131868131868101
1648841524.056581,0.03681239032577999,-0.015873015873012264,-0.06131868131868101
1648841524.07733,0.03681239032577999,-0.015873015873012264,-0.06131868131868101
1648841524.0982,0.03681239032577999,-0.015873015873012264,-0.06263736263736286
1648841524.119205,0.03681239032577999,0.015873015873012264,-0.06263736263736286
1648841524.14008,0.03643091477836258,-0.047619047619051,-0.06263736263736286
1648841524.160956,0.03643091477836258,0.07936507936507553,-0.06263736263736286
1648841524.181831,0.03643091477836258,-0.015873015873012264,-0.06395604395604426
1648841524.202706,0.03643091477836258,-0.047619047619051,-0.06527472527472522
1648841524.223579,0.03643091477836258,-0.015873015873012264,-0.06395604395604426
1648841524.24458,0.03604943923094517,-0.047619047619051,-0.06395604395604426
1648841524.265332,0.03604943923094517,-0.047619047619051,-0.06395604395604426
1648841524.286199,0.03604943923094517,-0.015873015873012264,-0.06395604395604426
1648841524.306952,0.03604943923094517,-0.015873015873012264,-0.06395604395604426
1648841524.327957,0.03566796368352776,-0.015873015873012264,-0.06527472527472522
1648841524.348828,0.03566796368352776,-0.047619047619051,-0.06527472527472522
1648841524.369704,0.03566796368352776,-0.015873015873012264,-0.06659340659340662
1648841524.390578,0.03566796368352776,-0.015873015873012264,-0.06659340659340662
1648841524.411583,0.03566796368352776,-0.047619047619051,-0.06659340659340662
1648841524.432457,0.03566796368352776,-0.015873015873012264,-0.06791208791208758
1648841524.453334,0.03566796368352776,-0.015873015873012264,-0.06659340659340662
1648841524.474208,0.03528648813611035,-0.047619047619051,-0.06659340659340662
1648841524.495084,0.03528648813611035,0.07936507936507553,-0.06659340659340662
1648841524.515959,0.03528648813611035,0.015873015873012264,-0.06659340659340662
1648841524.536833,0.03490501258869294,-0.11111111111111427,-0.06659340659340662
1648841524.557708,0.03490501258869294,-0.015873015873012264,-0.06659340659340662
1648841524.578584,0.03490501258869294,0.015873015873012264,-0.06659340659340662
1648841524.599459,0.03452353704127553,-0.047619047619051,-0.06659340659340662
1648841524.620335,0.03452353704127553,-0.015873015873012264,-0.06659340659340662
1648841524.641208,0.03452353704127553,-0.015873015873012264,-0.06791208791208758
1648841524.662086,0.03414206149385812,-0.1428571428571388,-0.06791208791208758
1648841524.682958,0.03414206149385812,-0.047619047619051,-0.06791208791208758
1648841524.703836,0.03414206149385812,-0.11111111111111427,-0.06659340659340662
1648841524.72471,0.03414206149385812,0.015873015873012264,-0.06791208791208758
1648841524.745586,0.03414206149385812,-0.015873015873012264,-0.06791208791208758
1648841524.766587,0.03414206149385812,-0.047619047619051,-0.06791208791208758
1648841524.787333,0.03376058594644071,0.015873015873012264,-0.06791208791208758
1648841524.808207,0.033379110399023304,0.015873015873012264,-0.06791208791208758
1648841524.829208,0.033379110399023304,-0.11111111111111427,-0.06659340659340662
1648841524.85021,0.03185320820935367,-0.11111111111111427,-0.06527472527472522
1648841524.871087,0.029182879377431803,-0.015873015873012264,-0.05868131868131865
1648841524.891963,0.028801403830014394,-0.047619047619051,-0.05472527472527444
1648841524.912958,0.028419928282596985,-0.11111111111111427,-0.05340659340659348
1648841524.933834,0.028038452735179575,0.015873015873012264,-0.05340659340659348
1648841524.95458,0.028419928282596985,-0.015873015873012264,-0.05340659340659348
1648841524.975589,0.028419928282596985,-0.015873015873012264,-0.05472527472527444
1648841524.996333,0.028419928282596985,-0.047619047619051,-0.05604395604395629
1648841525.017208,0.028419928282596985,-0.015873015873012264,-0.05472527472527444
1648841525.038213,0.028038452735179575,-0.015873015873012264,-0.05472527472527444
1648841525.05896,0.028038452735179575,0.015873015873012264,-0.05604395604395629
1648841525.079964,0.028419928282596985,0.015873015873012264,-0.05604395604395629
1648841525.10084,0.028419928282596985,-0.047619047619051,-0.05604395604395629
1648841525.121714,0.028419928282596985,-0.047619047619051,-0.05604395604395629
1648841525.14259,0.028038452735179575,-0.015873015873012264,-0.05736263736263725
