Timestamp,POS,VEL,Torq
1648841539.528216,1.5119783321889066,0.015873015873012264,-0.0006593406593404794
1648841539.549095,1.4951934081025406,1.349206349206355,0.003296703296703285
1648841539.569969,1.4761196307316702,-0.49206349206349387,0.0006593406593404794
1648841539.590844,1.4673456931410698,-0.6190476190476204,-0.011208791208791258
1648841539.611719,1.4456015869382774,1.3809523809523796,0.01912087912087923
1648841539.632724,1.4234760051880677,-0.17460317460317754,0.028351648351648162
1648841539.653598,1.4204242008087284,-1.4126984126984112,-0.003296703296703285
1648841539.674473,1.411650263218128,1.349206349206355,-0.004615384615384688
1648841539.695344,1.3872358281834138,0.46031746031745513,0.01252747252747266
1648841539.71622,1.3796063172350657,-0.6190476190476204,-0.017802197802197828
1648841539.737096,1.3708323796444652,0.20634920634920206,-0.017802197802197828
1648841539.757971,1.346417944609751,0.36507936507936734,0.013846153846154063
1648841539.778846,1.3345922026398114,-0.6507936507936449,0.007252747252747049
1648841539.799849,1.325818265049211,0.20634920634920206,-0.001978021978021882
1648841539.820724,1.3158999008163583,1.095238095238102,-0.01252747252747266
1648841539.841471,1.2991149767299923,0.3333333333333286,-0.007252747252747049
1648841539.862476,1.2884336614023049,-1.0,-0.02043956043956019
1648841539.883347,1.2769893949797826,0.46031746031745513,-0.011208791208791258
1648841539.904593,1.258678568703747,1.0634920634920633,0.001978021978021882
1648841539.925476,1.2434195468070488,-0.17460317460317754,0.001978021978021882
1648841539.946347,1.2376974135957877,-0.6190476190476204,-0.01384615384615362
1648841539.96735,1.2262531471732654,0.07936507936507553,-0.017802197802197828
1648841539.988223,1.2113756008239864,-0.11111111111111427,-0.011208791208791258
1648841540.009099,1.204509040970473,0.26984126984126533,-0.021758241758241592
1648841540.029972,1.1861982146944374,0.8412698412698347,-0.005934065934066091
1648841540.050847,1.172846570534828,-0.36507936507936734,-0.0006593406593404794
1648841540.071851,1.1675059128709844,0.26984126984126533,-0.015164835164835022
1648841540.092724,1.1507209887846184,1.4761904761904816,-0.0006593406593404794
1648841540.113728,1.1381322957198439,0.3333333333333286,-0.008571428571428452
1648841540.134594,1.1312657358663305,-0.17460317460317754,-0.01912087912087923
1648841540.155101,1.1209658960860605,-0.26984126984126533,-0.021758241758241592
1648841540.175765,1.1087586785687034,-0.36507936507936734,-0.02043956043956019
1648841540.19639,1.0969329365987637,-0.015873015873012264,-0.011208791208791258
1648841540.217265,1.0877775234607459,0.2380952380952408,-0.015164835164835022
1648841540.238138,1.074807354848554,0.46031746031745513,-0.009890109890109855
1648841540.259016,1.064507515068284,0.015873015873012264,-0.01384615384615362
1648841540.279892,1.0545891508354313,-0.26984126984126533,-0.017802197802197828
1648841540.300895,1.0439078355077438,0.07936507936507553,-0.017802197802197828
1648841540.32177,1.0336079957274737,0.26984126984126533,-0.02043956043956019
1648841540.34252,1.023689631494621,0.07936507936507553,-0.02043956043956019
1648841540.363393,1.0141527428091859,0.015873015873012264,-0.02307692307692344
1648841540.384266,1.0046158541237507,-0.1428571428571388,-0.024395604395604398
1648841540.405144,0.994697489890898,-0.36507936507936734,-0.024395604395604398
1648841540.426018,0.9847791256580454,0.20634920634920206,-0.01912087912087923
1648841540.44672,0.9733348592355231,0.07936507936507553,-0.015164835164835022
1648841540.467352,0.9672312504768446,0.11111111111111427,-0.028351648351648162
1648841540.487977,0.9565499351491571,-0.047619047619051,-0.02703296703296676
1648841540.508858,0.9496833752956437,-0.047619047619051,-0.03494505494505473
1648841540.529731,0.937857633325704,-0.30158730158730407,-0.030989010989010968
1648841540.550608,0.9283207446402688,0.1428571428571388,-0.02307692307692344
1648841540.571603,0.9168764782177465,0.1428571428571388,-0.01648351648351687
1648841540.592478,0.9092469672693984,-0.1428571428571388,-0.0257142857142858
1648841540.613226,0.9035248340581372,-0.36507936507936734,-0.03494505494505473
1648841540.633725,0.8989471274891283,0.07936507936507553,-0.04813186813186787
1648841540.654732,0.8833066300450145,-0.39682539682539186,-0.02967032967033001
1648841540.675351,0.8749141680018315,-0.7777777777777715,-0.0257142857142858
1648841540.696233,0.8657587548638137,0.7460317460317469,-0.01384615384615362
1648841540.717104,0.8546959639887088,0.8730158730158735,-0.011208791208791258
1648841540.737981,0.8482108796826129,0.2380952380952408,-0.0257142857142858
1648841540.758854,0.8432516975661866,-0.2380952380952408,-0.0415384615384613
1648841540.780231,0.8401998931868473,0.015873015873012264,-0.05340659340659348
1648841540.801109,0.8226520180056465,-0.17460317460317754,-0.02967032967033001
1648841540.821984,0.8134966048676286,-0.8730158730158735,-0.02307692307692344
1648841540.842858,0.805485618371863,-0.11111111111111427,-0.01648351648351687
1648841540.863731,0.801670862897689,0.5238095238095184,-0.0257142857142858
1648841540.884735,0.7921339742122537,1.0,-0.02703296703296676
1648841540.905609,0.7852674143587404,0.11111111111111427,-0.03758241758241754
1648841540.926101,0.7822156099794011,0.11111111111111427,-0.04813186813186787
1648841540.946981,0.7677195391775395,-0.17460317460317754,-0.02703296703296676
1648841540.967986,0.7619974059662784,0.2380952380952408,-0.028351648351648162
1648841540.988861,0.7486457618066673,0.20634920634920206,-0.01384615384615362
1648841541.009737,0.7440680552376584,-0.2380952380952408,-0.0257142857142858
1648841541.03061,0.7425421530479888,0.1428571428571388,-0.03890109890109894
1648841541.051612,0.7330052643625535,0.8095238095238102,-0.03626373626373658
1648841541.072487,0.7249942778667879,-0.015873015873012264,-0.03890109890109894
1648841541.093362,0.7227054245822835,0.07936507936507553,-0.04813186813186787
1648841541.114237,0.7104982070649264,0.11111111111111427,-0.03362637362637333
1648841541.135113,0.7024872205691608,-0.17460317460317754,-0.03362637362637333
1648841541.155983,0.6937132829785604,0.07936507936507553,-0.0257142857142858
1648841541.176732,0.6872281986724644,-0.39682539682539186,-0.0257142857142858
1648841541.197484,0.6853208209353774,-0.015873015873012264,-0.03494505494505473
1648841541.218365,0.6773098344396118,0.6190476190476204,-0.03362637362637333
1648841541.239239,0.6742580300602725,0.49206349206349387,-0.04813186813186787
1648841541.259982,0.6647211413748373,0.20634920634920206,-0.04681318681318691
1648841541.280864,0.6578545815213239,-0.8412698412698347,-0.04021978021978034
1648841541.30174,0.653276874952315,-0.047619047619051,-0.04021978021978034
1648841541.322614,0.6376363775082012,0.6507936507936449,-0.01252747252747266
1648841541.343486,0.634584573128862,0.5873015873015817,-0.021758241758241592
1648841541.364363,0.6288624399176008,0.39682539682539186,-0.02703296703296676
1648841541.385366,0.6284809643701834,0.3333333333333286,-0.03890109890109894
1648841541.40624,0.6231403067063397,0.2380952380952408,-0.04681318681318691
1648841541.427114,0.6155107957579915,0.46031746031745513,-0.04813186813186787
1648841541.447987,0.6067368581673911,-0.17460317460317754,-0.04285714285714315
1648841541.468865,0.604829480430304,-0.015873015873012264,-0.04813186813186787
1648841541.489611,0.5941481651026166,0.46031746031745513,-0.03494505494505473
1648841541.510486,0.5884260318913554,-0.49206349206349387,-0.03626373626373658
1648841541.531492,0.5865186541542684,-0.11111111111111427,-0.04417582417582411
1648841541.552367,0.5769817654688332,0.7460317460317469,-0.03230769230769237
1648841541.573237,0.5689707789730676,0.1428571428571388,-0.02967032967033001
1648841541.594114,0.5682078278782328,0.26984126984126533,-0.03626373626373658
1648841541.614988,0.5617227435721368,0.1428571428571388,-0.03758241758241754
1648841541.635993,0.5586709391927975,0.3333333333333286,-0.04549450549450551
1648841541.656867,0.552567330434119,0.11111111111111427,-0.04549450549450551
1648841541.677743,0.5487525749599449,0.20634920634920206,-0.04813186813186787
1648841541.698614,0.5384527351796748,0.1428571428571388,-0.03890109890109894
1648841541.719743,0.5365453574425878,0.015873015873012264,-0.04417582417582411
1648841541.740495,0.5262455176623178,0.26984126984126533,-0.03230769230769237
1648841541.761366,0.5205233844510566,-0.39682539682539186,-0.02967032967033001
1648841541.782368,0.518997482261387,-0.047619047619051,-0.03494505494505473
1648841541.803244,0.5117494468604562,0.26984126984126533,-0.03230769230769237
1648841541.824119,0.510605020218204,0.2380952380952408,-0.03890109890109894
1648841541.844993,0.5079346913862821,0.3333333333333286,-0.04813186813186787
1648841541.865868,0.5003051804379339,0.36507936507936734,-0.04813186813186787
1648841541.886775,0.49801632715342947,0.2380952380952408,-0.05208791208791208
1648841541.907745,0.4900053406576639,0.3333333333333286,-0.04681318681318691
1648841541.92862,0.4861905851834898,-0.047619047619051,-0.04549450549450551
1648841541.949496,0.48084992751964606,0.46031746031745513,-0.04021978021978034
1648841541.970369,0.4739833676661327,-0.1428571428571388,-0.03626373626373658
1648841541.991116,0.47131303883421083,0.015873015873012264,-0.03890109890109894
1648841542.012,0.4617761501487756,0.20634920634920206,-0.030989010989010968
1648841542.032994,0.46063172350652337,0.20634920634920206,-0.03494505494505473
1648841542.053872,0.45376516365301,-0.015873015873012264,-0.030989010989010968
1648841542.07477,0.4530022125581752,0.07936507936507553,-0.03758241758241754
1648841542.095617,0.45109483482108814,0.11111111111111427,-0.04681318681318691
1648841542.116492,0.4442282749675748,0.07936507936507553,-0.04417582417582411
1648841542.137372,0.44232089723048773,0.1428571428571388,-0.04813186813186787
1648841542.158247,0.43545433737697437,-0.047619047619051,-0.04417582417582411
1648841542.179123,0.4331654840924699,0.015873015873012264,-0.04681318681318691
1648841542.199998,0.4293507286182958,0.1428571428571388,-0.04945054945054972
1648841542.220873,0.42324711985961727,0.2380952380952408,-0.04681318681318691
1648841542.241748,0.4213397421225302,0.11111111111111427,-0.05076923076923068
1648841542.262624,0.4121843289845124,0.11111111111111427,-0.04021978021978034
1648841542.283494,0.40951400015259054,-0.2380952380952408,-0.03890109890109894
1648841542.304499,0.40531776913099904,0.39682539682539186,-0.030989010989010968
1648841542.325374,0.40112153810940754,0.2380952380952408,-0.03230769230769237
1648841542.346249,0.3961623559929812,0.3333333333333286,-0.03362637362637333
1648841542.367125,0.3957808804455638,0.2380952380952408,-0.04021978021978034
1648841542.387995,0.39387350270847676,0.11111111111111427,-0.04813186813186787
1648841542.40887,0.3873884184023808,0.07936507936507553,-0.04681318681318691
1648841542.429744,0.38586251621271117,0.07936507936507553,-0.04945054945054972
1648841542.451495,0.3828107118333719,0.1428571428571388,-0.05208791208791208
1648841542.472369,0.3755626764324411,0.3333333333333286,-0.04417582417582411
1648841542.493376,0.3747997253376063,0.11111111111111427,-0.04945054945054972
1648841542.514126,0.36984054322118,-0.2380952380952408,-0.04813186813186787
1648841542.534999,0.3667887388418407,-0.015873015873012264,-0.04549450549450551
1648841542.555872,0.36449988555733626,0.11111111111111427,-0.04945054945054972
1648841542.576746,0.35610742351415325,0.015873015873012264,-0.0415384615384613
1648841542.597752,0.3542000457770662,-0.015873015873012264,-0.0415384615384613
1648841542.61878,0.34771496147097025,0.015873015873012264,-0.03362637362637333
1648841542.639752,0.34695201037613543,0.07936507936507553,-0.03626373626373658
1648841542.66075,0.3454261081864658,0.07936507936507553,-0.04285714285714315
1648841542.681503,0.3408484016174569,-0.11111111111111427,-0.04285714285714315
1648841542.702377,0.33894102388036984,0.015873015873012264,-0.04417582417582411
1648841542.723378,0.3374151216907002,0.015873015873012264,-0.04945054945054972
1648841542.744252,0.3332188906691087,-0.015873015873012264,-0.05076923076923068
1648841542.765127,0.3286411841000998,0.3333333333333286,-0.04681318681318691
1648841542.786003,0.327878233005265,0.1428571428571388,-0.05208791208791208
1648841542.806875,0.3244449530785083,0.07936507936507553,-0.05340659340659348
1648841542.827879,0.31948577096208197,0.07936507936507553,-0.04813186813186787
1648841542.848754,0.31834134431982974,-0.047619047619051,-0.05340659340659348
1648841542.869753,0.3156710154879079,0.11111111111111427,-0.05472527472527444
1648841542.890505,0.3088044556343945,0.015873015873012264,-0.04681318681318691
1648841542.911506,0.3084229800869771,0.07936507936507553,-0.04945054945054972
1648841542.93238,0.30651560234989006,-0.047619047619051,-0.05340659340659348
1648841542.953255,0.29850461585412447,0.015873015873012264,-0.0415384615384613
1648841542.974127,0.29850461585412447,-0.047619047619051,-0.04549450549450551
1648841542.995,0.2950713359273678,-0.1428571428571388,-0.04285714285714315
1648841543.016004,0.2912565804531937,0.1428571428571388,-0.03626373626373658
1648841543.036751,0.28973067826352406,0.11111111111111427,-0.0415384615384613
1648841543.057756,0.2870603494316022,0.015873015873012264,-0.04417582417582411
1648841543.078631,0.2832455939574281,0.20634920634920206,-0.0415384615384613
1648841543.099502,0.2828641184100107,-0.015873015873012264,-0.04813186813186787
1648841543.120504,0.28133821622034105,0.015873015873012264,-0.05340659340659348
1648841543.141382,0.2798123140306714,0.11111111111111427,-0.05736263736263725
1648841543.162381,0.27752346074616696,-0.047619047619051,-0.06131868131868101
1648841543.183256,0.27294575417715805,-0.015873015873012264,-0.05604395604395629
1648841543.204132,0.27218280308232323,-0.015873015873012264,-0.06000000000000005
1648841543.225007,0.2706569008926536,0.07936507936507553,-0.06263736263736286
1648841543.245753,0.2660791943236447,-0.17460317460317754,-0.05868131868131865
1648841543.266784,0.26417181658655764,0.07936507936507553,-0.05736263736263725
1648841543.287757,0.262645914396888,0.07936507936507553,-0.06131868131868101
1648841543.308504,0.25959411001754873,0.015873015873012264,-0.06263736263736286
1648841543.329507,0.2550164034485398,-0.36507936507936734,-0.05472527472527444
1648841543.350383,0.2538719768062876,-0.047619047619051,-0.05604395604395629
1648841543.37126,0.2512016479743657,0.07936507936507553,-0.05472527472527444
1648841543.39213,0.244716563668268,-0.49206349206349387,-0.04549450549450551
1648841543.413379,0.24395361257343318,-0.015873015873012264,-0.04417582417582411
1648841543.434138,0.24280918593118095,-0.015873015873012264,-0.04813186813186787
1648841543.455006,0.23823147936217204,-0.17460317460317754,-0.04285714285714315
1648841543.476009,0.23556115053025017,0.07936507936507553,-0.03890109890109894
1648841543.496884,0.23441672388799795,-0.047619047619051,-0.04285714285714315
1648841543.517759,0.2325093461509109,-0.015873015873012264,-0.04549450549450551
1648841543.538629,0.23098344396124126,0.07936507936507553,-0.04681318681318691
1648841543.559505,0.2286945906767368,-0.015873015873012264,-0.04945054945054972
1648841543.58051,0.22602426184481494,0.015873015873012264,-0.04945054945054972
1648841543.601386,0.22526131074998013,-0.015873015873012264,-0.05208791208791208
1648841543.622264,0.2237354085603105,0.015873015873012264,-0.05340659340659348
1648841543.643386,0.22259098191805826,0.015873015873012264,-0.05604395604395629
1648841543.664132,0.22106507972838862,-0.015873015873012264,-0.06000000000000005
1648841543.685007,0.2203021286335538,0.07936507936507553,-0.06395604395604426
1648841543.706011,0.21648737315937971,-0.11111111111111427,-0.06263736263736286
1648841543.726788,0.21457999542229267,-0.047619047619051,-0.06000000000000005
1648841543.747761,0.21305409323262303,0.07936507936507553,-0.06000000000000005
1648841543.768633,0.20962081330586635,-0.047619047619051,-0.05604395604395629
1648841543.789509,0.20656900892652708,-0.047619047619051,-0.05340659340659348
1648841543.810387,0.20618753337910967,-0.11111111111111427,-0.05736263736263725
1648841543.83126,0.20504310673685744,-0.015873015873012264,-0.06000000000000005
1648841543.852134,0.2038986800946052,0.015873015873012264,-0.06263736263736286
1648841543.873138,0.20237277790493557,0.015873015873012264,-0.06527472527472522
1648841543.893882,0.1997024490730137,-0.11111111111111427,-0.06263736263736286
1648841543.914832,0.1955062180514222,0.07936507936507553,-0.05340659340659348
1648841543.935763,0.19436179140916998,0.015873015873012264,-0.05340659340659348
1648841543.956634,0.19321736476691775,0.015873015873012264,-0.05736263736263725
1648841543.97751,0.1913099870298307,0.11111111111111427,-0.05604395604395629
1648841543.998386,0.1905470359349959,0.015873015873012264,-0.06131868131868101
1648841544.019389,0.18596932936598698,-0.4285714285714306,-0.05208791208791208
1648841544.040139,0.18444342717631734,-0.11111111111111427,-0.04945054945054972
1648841544.061009,0.1821545738918129,-0.015873015873012264,-0.04945054945054972
1648841544.081888,0.1749065384908821,-0.30158730158730407,-0.03494505494505473
1648841544.102794,0.17528801403829952,-0.11111111111111427,-0.03626373626373658
1648841544.123765,0.17528801403829952,-0.047619047619051,-0.03890109890109894
1648841544.14451,0.1741435873960473,0.015873015873012264,-0.04285714285714315
1648841544.165385,0.17376211184862989,0.015873015873012264,-0.04681318681318691
1648841544.186262,0.17299916075379507,-0.047619047619051,-0.05076923076923068
1648841544.207137,0.1703288319218732,-0.015873015873012264,-0.04681318681318691
1648841544.228012,0.16727702754253393,-0.015873015873012264,-0.04417582417582411
1648841544.248887,0.1665140764476991,0.015873015873012264,-0.04417582417582411
1648841544.269761,0.1657511253528643,0.015873015873012264,-0.04681318681318691
1648841544.290797,0.16498817425802947,-0.047619047619051,-0.05076923076923068
1648841544.311767,0.16498817425802947,-0.015873015873012264,-0.05604395604395629
1648841544.332513,0.16422522316319466,-0.047619047619051,-0.06000000000000005
1648841544.35339,0.16308079652094243,0.015873015873012264,-0.06131868131868101
1648841544.374262,0.16117341878385538,-0.015873015873012264,-0.06131868131868101
1648841544.395138,0.15697718776226388,-0.2380952380952408,-0.05472527472527444
1648841544.416013,0.15659571221484647,-0.047619047619051,-0.05340659340659348
1648841544.436633,0.15583276112001165,-0.015873015873012264,-0.05604395604395629
1648841544.457027,0.15506981002517684,0.015873015873012264,-0.05868131868131865
1648841544.477637,0.15468833447775943,-0.047619047619051,-0.06263736263736286
1648841544.498395,0.15430685893034202,-0.015873015873012264,-0.06527472527472522
1648841544.519394,0.1531624322880898,0.015873015873012264,-0.06659340659340662
1648841544.540141,0.15201800564583756,0.015873015873012264,-0.06791208791208758
1648841544.561016,0.14744029907682865,-0.26984126984126533,-0.06000000000000005
1648841544.58202,0.14629587243457642,-0.11111111111111427,-0.05604395604395629
1648841544.602637,0.1451514457923242,-0.015873015873012264,-0.05604395604395629
1648841544.623516,0.14438849469748938,0.015873015873012264,-0.05868131868131865
1648841544.644391,0.14400701915007197,-0.047619047619051,-0.06263736263736286
1648841544.665396,0.14362554360265456,-0.015873015873012264,-0.06659340659340662
1648841544.686143,0.14248111696040233,0.015873015873012264,-0.06791208791208758
1648841544.70702,0.13904783703364565,-0.2380952380952408,-0.06000000000000005
1648841544.727894,0.13599603265430638,-0.11111111111111427,-0.05076923076923068
1648841544.74877,0.13485160601205415,-0.047619047619051,-0.05076923076923068
1648841544.769516,0.13370717936980192,-0.11111111111111427,-0.05208791208791208
1648841544.790391,0.1333257038223845,0.07936507936507553,-0.05472527472527444
1648841544.811397,0.1333257038223845,-0.015873015873012264,-0.06000000000000005
1648841544.832272,0.1329442282749671,0.07936507936507553,-0.06131868131868101
1648841544.853147,0.12951094834821042,-0.17460317460317754,-0.05604395604395629
1648841544.873893,0.12569619287403633,0.015873015873012264,-0.04285714285714315
1648841544.894789,0.1245517662317841,-0.047619047619051,-0.04285714285714315
1648841544.915771,0.12378881513694928,-0.11111111111111427,-0.04417582417582411
1648841544.936644,0.12302586404211446,0.07936507936507553,-0.04681318681318691
1648841544.95752,0.12340733958953187,-0.015873015873012264,-0.05208791208791208
1648841544.978393,0.12264438849469705,-0.047619047619051,-0.05472527472527444
1648841544.999397,0.11921110856794037,-0.30158730158730407,-0.04681318681318691
1648841545.020144,0.11654077973601851,-0.047619047619051,-0.03758241758241754
1648841545.041018,0.11539635309376628,0.015873015873012264,-0.03758241758241754
1648841545.061894,0.11501487754634887,-0.015873015873012264,-0.04021978021978034
1648841545.082794,0.11501487754634887,0.07936507936507553,-0.04417582417582411
1648841545.103778,0.11501487754634887,-0.015873015873012264,-0.04945054945054972
1648841545.124649,0.11463340199893146,0.11111111111111427,-0.05208791208791208
1648841545.145525,0.11387045090409664,0.07936507936507553,-0.05208791208791208
1648841545.166267,0.11081864652475737,-0.17460317460317754,-0.04681318681318691
1648841545.18702,0.1077668421454181,0.11111111111111427,-0.04021978021978034
1648841545.208025,0.1077668421454181,0.07936507936507553,-0.04021978021978034
1648841545.228901,0.10738536659800069,-0.047619047619051,-0.04285714285714315
1648841545.249775,0.10738536659800069,-0.015873015873012264,-0.04549450549450551
1648841545.270652,0.10662241550316587,-0.015873015873012264,-0.04813186813186787
1648841545.291525,0.10624093995574846,-0.11111111111111427,-0.04945054945054972
1648841545.312401,0.10547798886091364,-0.015873015873012264,-0.05076923076923068
1648841545.333148,0.10509651331349623,-0.047619047619051,-0.05340659340659348
1648841545.354151,0.10471503776607882,-0.015873015873012264,-0.05472527472527444
1648841545.374898,0.10433356221866141,-0.015873015873012264,-0.05736263736263725
1648841545.395902,0.103952086671244,-0.015873015873012264,-0.06000000000000005
1648841545.416772,0.10318913557640919,-0.047619047619051,-0.06000000000000005
1648841545.437647,0.10204470893415696,0.015873015873012264,-0.06000000000000005
1648841545.458141,0.10013733119706991,-0.11111111111111427,-0.05736263736263725
1648841545.478637,0.09784847791256546,-0.015873015873012264,-0.05076923076923068
1648841545.499399,0.09746700236514805,-0.047619047619051,-0.05076923076923068
1648841545.520154,0.09670405127031323,-0.015873015873012264,-0.05208791208791208
1648841545.541028,0.09632257572289582,0.07936507936507553,-0.05340659340659348
1648841545.561902,0.09632257572289582,-0.015873015873012264,-0.05604395604395629
1648841545.582796,0.09594110017547841,-0.015873015873012264,-0.05736263736263725
1648841545.603778,0.095559624628061,0.015873015873012264,-0.06000000000000005
1648841545.62453,0.09479667353322618,-0.015873015873012264,-0.06000000000000005
1648841545.645403,0.09441519798580877,-0.015873015873012264,-0.06131868131868101
1648841545.666404,0.09365224689097396,-0.015873015873012264,-0.06263736263736286
1648841545.68715,0.09327077134355655,-0.015873015873012264,-0.06395604395604426
1648841545.708155,0.09288929579613914,-0.015873015873012264,-0.06395604395604426
1648841545.729029,0.08945601586938245,-0.1428571428571388,-0.05868131868131865
1648841545.749906,0.08831158922713023,-0.1428571428571388,-0.05472527472527444
1648841545.770797,0.08754863813229541,0.015873015873012264,-0.05340659340659348
1648841545.791781,0.08678568703746059,0.015873015873012264,-0.05208791208791208
1648841545.812656,0.08678568703746059,-0.015873015873012264,-0.05472527472527444
1648841545.83353,0.08640421149004318,-0.015873015873012264,-0.05736263736263725
1648841545.854407,0.08640421149004318,-0.015873015873012264,-0.06000000000000005
1648841545.875406,0.08602273594262577,-0.11111111111111427,-0.06131868131868101
1648841545.896409,0.08525978484779095,-0.047619047619051,-0.06131868131868101
1648841545.917152,0.08449683375295614,-0.015873015873012264,-0.06131868131868101
1648841545.938028,0.08411535820553873,0.07936507936507553,-0.06263736263736286
1648841545.958902,0.08373388265812132,0.015873015873012264,-0.06395604395604426
1648841545.979907,0.08335240711070391,-0.047619047619051,-0.06527472527472522
1648841546.000783,0.08258945601586909,-0.047619047619051,-0.06527472527472522
1648841546.021782,0.07991912718394723,-0.26984126984126533,-0.05736263736263725
1648841546.042799,0.07724879835202536,-0.11111111111111427,-0.04813186813186787
1648841546.063784,0.07686732280460795,-0.015873015873012264,-0.04945054945054972
1648841546.08453,0.07610437170977313,-0.015873015873012264,-0.04945054945054972
1648841546.105406,0.07610437170977313,0.015873015873012264,-0.05208791208791208
1648841546.126409,0.07610437170977313,-0.015873015873012264,-0.05472527472527444
1648841546.147154,0.07610437170977313,-0.015873015873012264,-0.05736263736263725
1648841546.16816,0.07572289616235572,-0.11111111111111427,-0.05736263736263725
1648841546.189034,0.0749599450675209,0.07936507936507553,-0.05736263736263725
1648841546.209909,0.0745784695201035,0.015873015873012264,-0.05736263736263725
1648841546.230797,0.07419699397268609,0.015873015873012264,-0.05868131868131865
1648841546.251785,0.07381551842526868,-0.047619047619051,-0.06000000000000005
1648841546.272658,0.07381551842526868,-0.015873015873012264,-0.06263736263736286
1648841546.293532,0.07267109178301645,-0.015873015873012264,-0.06131868131868101
1648841546.314531,0.06885633630884236,-0.39682539682539186,-0.04945054945054972
1648841546.335536,0.06694895857175531,-0.047619047619051,-0.0415384615384613
1648841546.356407,0.0665674830243379,-0.047619047619051,-0.04285714285714315
1648841546.377411,0.0661860074769205,0.015873015873012264,-0.04285714285714315
1648841546.398158,0.0661860074769205,-0.015873015873012264,-0.04681318681318691
1648841546.419163,0.0661860074769205,-0.015873015873012264,-0.04813186813186787
1648841546.440038,0.0661860074769205,-0.047619047619051,-0.05076923076923068
1648841546.460913,0.06542305638208568,-0.015873015873012264,-0.05076923076923068
1648841546.481655,0.06504158083466827,0.015873015873012264,-0.04813186813186787
1648841546.502157,0.06427862973983345,-0.015873015873012264,-0.05076923076923068
1648841546.523034,0.06427862973983345,-0.015873015873012264,-0.05208791208791208
1648841546.543909,0.06427862973983345,-0.11111111111111427,-0.05340659340659348
1648841546.564913,0.06389715419241604,0.015873015873012264,-0.05472527472527444
1648841546.585788,0.06313420309758122,0.015873015873012264,-0.05340659340659348
1648841546.606673,0.05970092317082454,-0.39682539682539186,-0.04417582417582411
1648841546.627788,0.0581750209811549,-0.015873015873012264,-0.03626373626373658
1648841546.648533,0.05779354543373749,0.07936507936507553,-0.03758241758241754
1648841546.669414,0.05779354543373749,-0.015873015873012264,-0.03890109890109894
1648841546.690413,0.05779354543373749,-0.015873015873012264,-0.0415384615384613
1648841546.711159,0.05741206988632008,-0.11111111111111427,-0.04285714285714315
1648841546.732037,0.05741206988632008,-0.015873015873012264,-0.04285714285714315
1648841546.75291,0.057030594338902674,-0.047619047619051,-0.04417582417582411
1648841546.773916,0.056649118791485265,0.015873015873012264,-0.04285714285714315
1648841546.794661,0.056267643244067855,0.07936507936507553,-0.04549450549450551
1648841546.815662,0.056267643244067855,0.07936507936507553,-0.04549450549450551
1648841546.836541,0.056267643244067855,-0.047619047619051,-0.04813186813186787
1648841546.857412,0.056267643244067855,-0.015873015873012264,-0.04945054945054972
1648841546.878288,0.05550469214923304,-0.015873015873012264,-0.05076923076923068
1648841546.899162,0.05512321660181563,-0.015873015873012264,-0.04945054945054972
1648841546.920164,0.05474174105439822,-0.015873015873012264,-0.04945054945054972
1648841546.941038,0.05474174105439822,-0.015873015873012264,-0.05076923076923068
1648841546.961915,0.05474174105439822,-0.015873015873012264,-0.05208791208791208
1648841546.982789,0.05436026550698081,-0.015873015873012264,-0.05340659340659348
1648841547.003534,0.0539787899595634,0.015873015873012264,-0.05208791208791208
1648841547.024413,0.05359731441214599,0.015873015873012264,-0.05208791208791208
1648841547.045418,0.05245288776989376,0.015873015873012264,-0.05076923076923068
1648841547.066164,0.05092698558022413,-0.11111111111111427,-0.04813186813186787
1648841547.087038,0.05054551003280672,-0.015873015873012264,-0.04681318681318691
1648841547.107914,0.0497825589379719,-0.015873015873012264,-0.04549450549450551
1648841547.128919,0.0497825589379719,-0.015873015873012264,-0.04549450549450551
1648841547.149665,0.04940108339055449,-0.015873015873012264,-0.04681318681318691
1648841547.170669,0.04940108339055449,0.07936507936507553,-0.04681318681318691
1648841547.19154,0.04901960784313708,-0.015873015873012264,-0.04813186813186787
1648841547.212415,0.04863813229571967,-0.047619047619051,-0.04945054945054972
1648841547.233417,0.04863813229571967,-0.11111111111111427,-0.04945054945054972
1648841547.254167,0.04825665674830226,-0.047619047619051,-0.04945054945054972
1648841547.275168,0.04825665674830226,-0.015873015873012264,-0.05076923076923068
1648841547.295914,0.04825665674830226,0.015873015873012264,-0.05076923076923068
1648841547.316791,0.04787518120088485,-0.11111111111111427,-0.05208791208791208
1648841547.337796,0.047493705653467444,-0.047619047619051,-0.05340659340659348
1648841547.358543,0.047493705653467444,0.015873015873012264,-0.05340659340659348
1648841547.379543,0.047493705653467444,-0.047619047619051,-0.05340659340659348
1648841547.400422,0.047112230106050035,-0.047619047619051,-0.05340659340659348
1648841547.421296,0.047112230106050035,0.07936507936507553,-0.05472527472527444
1648841547.442171,0.047112230106050035,-0.015873015873012264,-0.05604395604395629
1648841547.463047,0.046730754558632626,-0.015873015873012264,-0.05736263736263725
1648841547.483918,0.046730754558632626,-0.015873015873012264,-0.05736263736263725
1648841547.504793,0.046349279011215216,-0.015873015873012264,-0.05736263736263725
1648841547.525797,0.04596780346379781,-0.015873015873012264,-0.05868131868131865
1648841547.546669,0.04596780346379781,-0.015873015873012264,-0.05868131868131865
1648841547.567673,0.04596780346379781,-0.015873015873012264,-0.06000000000000005
1648841547.588551,0.04596780346379781,-0.047619047619051,-0.06131868131868101
1648841547.609416,0.0455863279163804,-0.047619047619051,-0.06131868131868101
1648841547.630295,0.0455863279163804,-0.015873015873012264,-0.06131868131868101
1648841547.651169,0.04520485236896299,0.015873015873012264,-0.06263736263736286
1648841547.672044,0.04520485236896299,-0.015873015873012264,-0.06263736263736286
1648841547.693048,0.04482337682154558,-0.015873015873012264,-0.06395604395604426
1648841547.713798,0.04482337682154558,-0.047619047619051,-0.06395604395604426
1648841547.734671,0.04444190127412817,-0.047619047619051,-0.06527472527472522
1648841547.755675,0.04444190127412817,-0.015873015873012264,-0.06395604395604426
1648841547.77655,0.04406042572671076,-0.047619047619051,-0.06395604395604426
1648841547.797422,0.04367895017929335,0.015873015873012264,-0.06395604395604426
1648841547.81817,0.042915999084458534,-0.047619047619051,-0.06395604395604426
1648841547.839047,0.042534523537041125,-0.1428571428571388,-0.06263736263736286
1648841547.86005,0.041771572442206306,-0.047619047619051,-0.06131868131868101
1648841547.880796,0.03986419470511926,-0.11111111111111427,-0.05604395604395629
1648841547.9018,0.03948271915770185,-0.015873015873012264,-0.05340659340659348
1648841547.922675,0.03910124361028444,0.015873015873012264,-0.05208791208791208
1648841547.943547,0.03871976806286703,-0.015873015873012264,-0.05208791208791208
1648841547.964422,0.03871976806286703,-0.047619047619051,-0.05340659340659348
1648841547.985427,0.03871976806286703,-0.015873015873012264,-0.05472527472527444
1648841548.006172,0.03871976806286703,0.015873015873012264,-0.05604395604395629
1648841548.027048,0.03833829251544962,-0.11111111111111427,-0.05604395604395629
1648841548.047923,0.03833829251544962,0.07936507936507553,-0.05472527472527444
1648841548.068928,0.037956816968032214,-0.11111111111111427,-0.05604395604395629
1648841548.089802,0.037956816968032214,-0.015873015873012264,-0.05736263736263725
1648841548.110677,0.037956816968032214,-0.047619047619051,-0.05736263736263725
1648841548.13155,0.037956816968032214,-0.047619047619051,-0.05736263736263725
1648841548.152423,0.037575341420614805,-0.015873015873012264,-0.05868131868131865
1648841548.173428,0.037575341420614805,-0.015873015873012264,-0.05868131868131865
1648841548.194178,0.037575341420614805,-0.047619047619051,-0.05868131868131865
1648841548.215053,0.037575341420614805,-0.015873015873012264,-0.05868131868131865
1648841548.236053,0.037193865873197396,0.015873015873012264,-0.06131868131868101
1648841548.2568,0.037193865873197396,-0.047619047619051,-0.06131868131868101
1648841548.277805,0.037193865873197396,-0.047619047619051,-0.06131868131868101
1648841548.298679,0.03681239032577999,-0.047619047619051,-0.06131868131868101
1648841548.319553,0.03681239032577999,-0.047619047619051,-0.06131868131868101
1648841548.34043,0.03681239032577999,-0.015873015873012264,-0.06263736263736286
1648841548.361304,0.03681239032577999,-0.015873015873012264,-0.06263736263736286
1648841548.382181,0.03643091477836258,0.015873015873012264,-0.06395604395604426
1648841548.403051,0.03643091477836258,-0.11111111111111427,-0.06395604395604426
1648841548.424058,0.03643091477836258,-0.047619047619051,-0.06395604395604426
1648841548.44493,0.03604943923094517,-0.015873015873012264,-0.06527472527472522
1648841548.465807,0.03604943923094517,0.015873015873012264,-0.06395604395604426
1648841548.486682,0.03604943923094517,0.015873015873012264,-0.06527472527472522
1648841548.507555,0.03566796368352776,-0.015873015873012264,-0.06527472527472522
1648841548.528427,0.03566796368352776,-0.047619047619051,-0.06659340659340662
1648841548.549302,0.03566796368352776,0.015873015873012264,-0.06527472527472522
1648841548.570425,0.03528648813611035,-0.015873015873012264,-0.06659340659340662
1648841548.591304,0.03528648813611035,0.015873015873012264,-0.06527472527472522
1648841548.61205,0.03528648813611035,-0.015873015873012264,-0.06791208791208758
1648841548.632933,0.03490501258869294,-0.047619047619051,-0.06659340659340662
1648841548.653807,0.03490501258869294,-0.015873015873012264,-0.06791208791208758
1648841548.67455,0.03490501258869294,-0.015873015873012264,-0.06791208791208758
1648841548.695432,0.03452353704127553,-0.11111111111111427,-0.06791208791208758
1648841548.716434,0.03452353704127553,0.015873015873012264,-0.06659340659340662
1648841548.737178,0.03414206149385812,0.015873015873012264,-0.06659340659340662
1648841548.758054,0.03414206149385812,0.015873015873012264,-0.06659340659340662
1648841548.779059,0.03376058594644071,0.015873015873012264,-0.06923076923076943
1648841548.799934,0.03376058594644071,-0.015873015873012264,-0.06791208791208758
1648841548.820808,0.032997634851605895,-0.047619047619051,-0.06659340659340662
1648841548.841685,0.032997634851605895,-0.047619047619051,-0.06527472527472522
1648841548.862561,0.03147173266193626,-0.047619047619051,-0.06263736263736286
1648841548.883559,0.02994583047226662,-0.015873015873012264,-0.05604395604395629
1648841548.904436,0.029564354924849212,-0.047619047619051,-0.05472527472527444
1648841548.92531,0.028801403830014394,0.07936507936507553,-0.05340659340659348
1648841548.946184,0.029182879377431803,0.015873015873012264,-0.05208791208791208
1648841548.96706,0.029182879377431803,-0.015873015873012264,-0.05472527472527444
1648841548.987937,0.029182879377431803,-0.015873015873012264,-0.05472527472527444
1648841549.008808,0.028801403830014394,-0.015873015873012264,-0.05604395604395629
1648841549.029811,0.028801403830014394,-0.015873015873012264,-0.05472527472527444
1648841549.050558,0.028801403830014394,0.015873015873012264,-0.05472527472527444
1648841549.071561,0.028801403830014394,0.015873015873012264,-0.05604395604395629
1648841549.092436,0.028419928282596985,-0.015873015873012264,-0.05604395604395629
1648841549.113183,0.028419928282596985,0.015873015873012264,-0.05736263736263725
1648841549.134187,0.028419928282596985,-0.015873015873012264,-0.05736263736263725
1648841549.155063,0.028419928282596985,-0.047619047619051,-0.05604395604395629
1648841549.175934,0.028038452735179575,0.015873015873012264,-0.05736263736263725
1648841549.196936,0.028038452735179575,0.015873015873012264,-0.05736263736263725
1648841549.217812,0.028038452735179575,-0.047619047619051,-0.05868131868131865
1648841549.238811,0.028038452735179575,-0.015873015873012264,-0.05868131868131865
1648841549.259688,0.028038452735179575,0.07936507936507553,-0.05868131868131865
1648841549.280563,0.027656977187762166,-0.015873015873012264,-0.05868131868131865
1648841549.301438,0.027656977187762166,0.07936507936507553,-0.05868131868131865
1648841549.322314,0.027656977187762166,0.07936507936507553,-0.05868131868131865
1648841549.343189,0.027656977187762166,-0.047619047619051,-0.06000000000000005
1648841549.364064,0.027656977187762166,0.015873015873012264,-0.06000000000000005
1648841549.384936,0.027656977187762166,0.07936507936507553,-0.06000000000000005
1648841549.405811,0.027275501640344757,-0.047619047619051,-0.06000000000000005
1648841549.426558,0.027656977187762166,0.015873015873012264,-0.06000000000000005
1648841549.447435,0.027275501640344757,-0.047619047619051,-0.06131868131868101
1648841549.46844,0.027275501640344757,-0.015873015873012264,-0.06131868131868101
1648841549.489186,0.027275501640344757,0.015873015873012264,-0.06131868131868101
1648841549.510062,0.027275501640344757,-0.015873015873012264,-0.06131868131868101
1648841549.530937,0.027275501640344757,-0.015873015873012264,-0.06263736263736286
1648841549.551808,0.026894026092927348,-0.015873015873012264,-0.06131868131868101
1648841549.572434,0.026894026092927348,-0.015873015873012264,-0.06263736263736286
1648841549.593315,0.026894026092927348,-0.047619047619051,-0.06263736263736286
1648841549.613934,0.026894026092927348,-0.015873015873012264,-0.06263736263736286
1648841549.634937,0.026894026092927348,0.015873015873012264,-0.06263736263736286
1648841549.655941,0.02651255054550994,0.015873015873012264,-0.06395604395604426
1648841549.676816,0.02651255054550994,0.015873015873012264,-0.06395604395604426
1648841549.697692,0.02651255054550994,-0.015873015873012264,-0.06395604395604426
1648841549.718815,0.02651255054550994,-0.015873015873012264,-0.06395604395604426
1648841549.739692,0.02651255054550994,-0.047619047619051,-0.06395604395604426
1648841549.760438,0.02651255054550994,-0.047619047619051,-0.06395604395604426
1648841549.781446,0.02651255054550994,-0.015873015873012264,-0.06395604395604426
1648841549.802318,0.02613107499809253,-0.015873015873012264,-0.06527472527472522
1648841549.823193,0.02613107499809253,0.07936507936507553,-0.06527472527472522
1648841549.844067,0.02613107499809253,0.015873015873012264,-0.06527472527472522
1648841549.864943,0.02613107499809253,-0.015873015873012264,-0.06527472527472522
1648841549.88582,0.02613107499809253,-0.015873015873012264,-0.06527472527472522
1648841549.90669,0.02613107499809253,0.015873015873012264,-0.06527472527472522
1648841549.927695,0.02613107499809253,-0.015873015873012264,-0.06527472527472522
1648841549.94857,0.02574959945067512,-0.047619047619051,-0.06659340659340662
