Timestamp,POS,VEL,Torq
1648841490.102526,1.5119783321889066,0.015873015873012264,-0.0006593406593404794
1648841490.123518,1.4997711146715496,0.3333333333333286,-0.01384615384615362
1648841490.14439,1.489089799343862,-0.6825396825396837,-0.0257142857142858
1648841490.165264,1.4753566796368354,-0.4285714285714306,-0.02043956043956019
1648841490.186267,1.4505607690547038,-1.1269841269841265,-0.008571428571428452
1648841490.207012,1.4406424048218511,0.3333333333333286,-0.007252747252747049
1648841490.227888,1.4158464942397195,-0.904761904761898,0.003296703296703285
1648841490.248894,1.413557640955215,-0.1428571428571388,-0.008571428571428452
1648841490.269643,1.394865339131762,-0.5238095238095184,-0.009890109890109855
1648841490.29052,1.392957961394675,-0.11111111111111427,-0.024395604395604398
1648841490.311395,1.3731212329289697,-0.2380952380952408,-0.02703296703296676
1648841490.332265,1.3654917219806215,-1.095238095238095,-0.02703296703296676
1648841490.353144,1.3429846646829944,-0.17460317460317754,-0.015164835164835022
1648841490.374019,1.3273441672388806,-1.1587301587301582,-0.01252747252747266
1648841490.395021,1.323147936217289,-0.1428571428571388,-0.01912087912087923
1648841490.416018,1.3040741588464186,0.49206349206349387,-0.017802197802197828
1648841490.436894,1.300640878919662,-0.1428571428571388,-0.030989010989010968
1648841490.457641,1.2846189059281308,-0.30158730158730407,-0.02967032967033001
1648841490.478516,1.2724116884107737,-0.7460317460317469,-0.03230769230769237
1648841490.499517,1.2598229953459992,-0.1428571428571388,-0.024395604395604398
1648841490.520264,1.2418936446173792,-0.17460317460317754,-0.01912087912087923
1648841490.541141,1.229686427100022,-0.5555555555555571,-0.01384615384615362
1648841490.562016,1.2151903562981605,0.07936507936507553,-0.015164835164835022
1648841490.58302,1.2064164187075601,-0.39682539682539186,-0.024395604395604398
1648841490.603895,1.2029831387808034,-0.4285714285714306,-0.03230769230769237
1648841490.624897,1.1888685435263593,0.3333333333333286,-0.03230769230769237
1648841490.645643,1.1789501792935067,-0.8412698412698347,-0.03230769230769237
1648841490.666519,1.1602578774700536,-0.6507936507936449,-0.024395604395604398
1648841490.687525,1.147669184405279,-0.49206349206349387,-0.02307692307692344
1648841490.70839,1.1346990157930872,-0.36507936507936734,-0.01648351648351687
1648841490.728888,1.1293583581292435,0.11111111111111427,-0.02307692307692344
1648841490.749517,1.1175326161593038,-0.015873015873012264,-0.02967032967033001
1648841490.770271,1.114099336232547,-0.6507936507936449,-0.03626373626373658
1648841490.791273,1.0961699855039289,-0.2380952380952408,-0.030989010989010968
1648841490.811894,1.089684901197833,-0.2380952380952408,-0.03362637362637333
1648841490.832771,1.0687037460898754,-0.30158730158730407,-0.02043956043956019
1648841490.853645,1.061837186236362,-0.015873015873012264,-0.02043956043956019
1648841490.874392,1.0458152132448308,-0.7460317460317469,-0.01648351648351687
1648841490.89527,1.0442893110551612,-0.17460317460317754,-0.0257142857142858
1648841490.916273,1.0320820935378041,0.2380952380952408,-0.02967032967033001
1648841490.93715,1.0255970092317082,-0.6825396825396837,-0.03494505494505473
1648841490.958025,1.016060120546273,-0.047619047619051,-0.03626373626373658
1648841490.978898,1.0057602807660029,-0.7460317460317469,-0.03494505494505473
1648841490.999775,0.9935530632486458,-0.36507936507936734,-0.02967032967033001
1648841491.02039,0.979819943541619,-0.26984126984126533,-0.024395604395604398
1648841491.041018,0.9740978103303579,-0.5238095238095184,-0.028351648351648162
1648841491.061774,0.9641794460975053,0.015873015873012264,-0.0257142857142858
1648841491.082651,0.9599832150759138,0.20634920634920206,-0.03758241758241754
1648841491.103523,0.9557869840543223,-0.26984126984126533,-0.04813186813186787
1648841491.124397,0.9454871442740522,-0.30158730158730407,-0.04549450549450551
1648841491.145271,0.9317540245670255,-0.7777777777777715,-0.04021978021978034
1648841491.166023,0.919165331502251,-0.11111111111111427,-0.03362637362637333
1648841491.1869,0.9061951628900591,-0.6825396825396837,-0.028351648351648162
1648841491.207902,0.9027618829633024,0.07936507936507553,-0.02967032967033001
1648841491.228649,0.8932249942778672,-0.26984126984126533,-0.03494505494505473
1648841491.249524,0.8928435187304498,-0.015873015873012264,-0.04681318681318691
1648841491.270399,0.8852140077821016,-0.6507936507936449,-0.04681318681318691
1648841491.291402,0.8669031815060659,-0.30158730158730407,-0.03758241758241754
1648841491.312278,0.86041809719997,-0.047619047619051,-0.03626373626373658
1648841491.333158,0.8451590753032736,-0.4285714285714306,-0.02703296703296676
1648841491.354029,0.8432516975661866,-0.015873015873012264,-0.03230769230769237
1648841491.374901,0.837148088807508,-0.2380952380952408,-0.03890109890109894
1648841491.395646,0.8333333333333339,0.1428571428571388,-0.04549450549450551
1648841491.416399,0.8234149691004813,-0.9682539682539613,-0.04549450549450551
1648841491.437403,0.8096818493934546,-0.015873015873012264,-0.03758241758241754
1648841491.45828,0.7990005340657671,-0.4285714285714306,-0.03494505494505473
1648841491.479025,0.7928969253070886,0.07936507936507553,-0.030989010989010968
1648841491.499901,0.7837415121690707,-0.30158730158730407,-0.03362637362637333
1648841491.520905,0.7837415121690707,0.07936507936507553,-0.0415384615384613
1648841491.54165,0.778400854505227,-0.17460317460317754,-0.04813186813186787
1648841491.562532,0.7726787212939659,0.20634920634920206,-0.05076923076923068
1648841491.583029,0.7604715037766088,-0.8730158730158735,-0.04813186813186787
1648841491.603906,0.7494087129015021,-0.015873015873012264,-0.03626373626373658
1648841491.624906,0.7387273975738147,-0.30158730158730407,-0.030989010989010968
1648841491.645652,0.7337682154573884,0.3333333333333286,-0.030989010989010968
1648841491.666532,0.7246128023193705,-0.30158730158730407,-0.03494505494505473
1648841491.687401,0.7249942778667879,-0.047619047619051,-0.04285714285714315
1648841491.708152,0.7234683756771183,0.07936507936507553,-0.05340659340659348
1648841491.729031,0.7162203402761875,-0.5555555555555571,-0.05472527472527444
1648841491.749652,0.7104982070649264,-0.26984126984126533,-0.05472527472527444
1648841491.770404,0.6914244296940559,-0.30158730158730407,-0.04285714285714315
1648841491.791284,0.6830319676508729,-0.36507936507936734,-0.03494505494505473
1648841491.812032,0.6734950789654377,-0.11111111111111427,-0.02967032967033001
1648841491.83291,0.6734950789654377,0.07936507936507553,-0.03626373626373658
1648841491.853784,0.670061799038681,-0.047619047619051,-0.04417582417582411
1648841491.874657,0.6696803234912636,0.015873015873012264,-0.05340659340659348
1648841491.89553,0.6658655680170895,0.07936507936507553,-0.06131868131868101
1648841491.916405,0.6536583504997324,-0.7777777777777715,-0.05472527472527444
1648841491.937281,0.6399252307927057,-0.6190476190476204,-0.03362637362637333
1648841491.958285,0.6273365377279312,0.015873015873012264,-0.02703296703296676
1648841491.979069,0.6254291599908441,0.11111111111111427,-0.02967032967033001
1648841492.000074,0.6235217822537571,0.2380952380952408,-0.03758241758241754
1648841492.02095,0.6246662088960093,0.2380952380952408,-0.05076923076923068
1648841492.041698,0.6246662088960093,0.1428571428571388,-0.06263736263736286
1648841492.0624,0.6170366979476611,-0.49206349206349387,-0.06659340659340662
1648841492.082901,0.6090257114518955,-0.8412698412698347,-0.05472527472527444
1648841492.10327,0.5937666895551992,-0.30158730158730407,-0.04285714285714315
1648841492.124148,0.5823224231326769,-0.6507936507936449,-0.030989010989010968
1648841492.144905,0.577744716563668,0.015873015873012264,-0.024395604395604398
1648841492.16591,0.5704966811627372,-0.17460317460317754,-0.028351648351648162
1648841492.186657,0.5704966811627372,0.07936507936507553,-0.03494505494505473
1648841492.207656,0.569352254520485,0.015873015873012264,-0.04417582417582411
1648841492.228524,0.5682078278782328,-0.015873015873012264,-0.05208791208791208
1648841492.249281,0.5640115968566413,-0.2380952380952408,-0.05736263736263725
1648841492.270035,0.5548561837186234,0.07936507936507553,-0.05208791208791208
1648841492.290908,0.5464637216754404,-0.26984126984126533,-0.05076923076923068
1648841492.311654,0.5445563439383534,-0.36507936507936734,-0.04681318681318691
1648841492.332532,0.5350194552529182,0.1428571428571388,-0.04285714285714315
1648841492.353413,0.529297322041657,-0.6825396825396837,-0.04285714285714315
1648841492.374287,0.52738994430457,-0.1428571428571388,-0.04417582417582411
1648841492.395163,0.5163271534294651,-0.11111111111111427,-0.0415384615384613
1648841492.415908,0.5132753490501258,-0.6190476190476204,-0.03758241758241754
1648841492.436913,0.5098420691233692,-0.17460317460317754,-0.03758241758241754
1648841492.457659,0.5075532158388647,0.20634920634920206,-0.04417582417582411
1648841492.478535,0.5045014114595254,-0.2380952380952408,-0.04945054945054972
1648841492.499539,0.5014496070801862,0.07936507936507553,-0.05340659340659348
1648841492.520284,0.4991607537956817,0.015873015873012264,-0.05736263736263725
1648841492.54116,0.4907682917524987,-0.6825396825396837,-0.05472527472527444
1648841492.562034,0.48809796292057683,-0.1428571428571388,-0.05340659340659348
1648841492.58291,0.4774166475928894,-0.015873015873012264,-0.04945054945054972
1648841492.603915,0.47245746547646306,-0.8412698412698347,-0.0415384615384613
1648841492.62466,0.46368352788586265,-0.39682539682539186,-0.03494505494505473
1648841492.645536,0.4613946746013582,-0.11111111111111427,-0.03626373626373658
1648841492.666415,0.45567254139009705,-0.39682539682539186,-0.03626373626373658
1648841492.687286,0.4530022125581752,-0.047619047619051,-0.03626373626373658
1648841492.708291,0.45223926146334037,0.015873015873012264,-0.04417582417582411
1648841492.729036,0.45109483482108814,-0.015873015873012264,-0.05076923076923068
1648841492.749913,0.4449912260624096,-0.49206349206349387,-0.05076923076923068
1648841492.770914,0.44270237277790514,-0.047619047619051,-0.05076923076923068
1648841492.791793,0.43888761730373105,-0.11111111111111427,-0.05340659340659348
1648841492.812667,0.4324025329976351,0.1428571428571388,-0.04945054945054972
1648841492.833541,0.43087663080796546,0.11111111111111427,-0.05340659340659348
1648841492.854292,0.4255359731441217,-0.5238095238095184,-0.05208791208791208
1648841492.875166,0.42286564431219986,-0.11111111111111427,-0.05208791208791208
1648841492.896042,0.41905088883802577,-0.26984126984126533,-0.05340659340659348
1648841492.916918,0.41065842679484277,-0.015873015873012264,-0.04681318681318691
1648841492.937792,0.40188448920424236,-0.36507936507936734,-0.04285714285714315
1648841492.95841,0.40074006256199013,-0.2380952380952408,-0.04021978021978034
1648841492.979288,0.3953994048981464,0.26984126984126533,-0.03626373626373658
1648841493.000164,0.39387350270847676,0.20634920634920206,-0.0415384615384613
1648841493.021789,0.3942549782558942,0.015873015873012264,-0.04813186813186787
1648841493.042665,0.39349202716105935,-0.11111111111111427,-0.05472527472527444
1648841493.063543,0.3919661249713897,-0.015873015873012264,-0.06131868131868101
1648841493.084414,0.38471808957045894,-0.4285714285714306,-0.06000000000000005
1648841493.105295,0.3824292362859545,-0.17460317460317754,-0.05472527472527444
1648841493.126169,0.3736552986953541,0.1428571428571388,-0.04945054945054972
1648841493.147045,0.3713664454108496,-0.17460317460317754,-0.04813186813186787
1648841493.167914,0.3664072632944233,0.1428571428571388,-0.04417582417582411
1648841493.188664,0.3652628366521711,-0.015873015873012264,-0.04813186813186787
1648841493.209543,0.36411841000991885,-0.015873015873012264,-0.05340659340659348
1648841493.230417,0.3576333257038229,-0.5238095238095184,-0.04945054945054972
1648841493.251421,0.354962996871901,-0.11111111111111427,-0.04945054945054972
1648841493.272294,0.3458075837338832,-0.36507936507936734,-0.04549450549450551
1648841493.293041,0.34428168154421357,-0.1428571428571388,-0.0415384615384613
1648841493.313917,0.338178072785535,0.2380952380952408,-0.03758241758241754
1648841493.334791,0.338178072785535,0.015873015873012264,-0.04021978021978034
1648841493.355668,0.3377965972381176,-0.015873015873012264,-0.04549450549450551
1648841493.376543,0.3374151216907002,-0.015873015873012264,-0.05076923076923068
1648841493.397546,0.3366521705958654,-0.047619047619051,-0.05736263736263725
1648841493.418422,0.33474479285877834,-0.11111111111111427,-0.06000000000000005
1648841493.439297,0.32673380636301275,-0.2380952380952408,-0.05736263736263725
1648841493.460172,0.32597085526817793,-0.1428571428571388,-0.05472527472527444
1648841493.481048,0.31872281986724715,-0.26984126984126533,-0.05076923076923068
1648841493.501921,0.31834134431982974,-0.047619047619051,-0.05076923076923068
1648841493.522669,0.31795986877241234,-0.015873015873012264,-0.05472527472527444
1648841493.543416,0.3168154421301601,0.07936507936507553,-0.06000000000000005
1648841493.564299,0.313000686655986,-0.30158730158730407,-0.05736263736263725
1648841493.585045,0.3091859311818119,-0.015873015873012264,-0.05472527472527444
1648841493.605919,0.3049897001602204,-0.30158730158730407,-0.05340659340659348
1648841493.626797,0.2958342870222026,-0.015873015873012264,-0.04285714285714315
1648841493.647669,0.28934920271610665,-0.047619047619051,-0.03890109890109894
1648841493.668544,0.28934920271610665,-0.015873015873012264,-0.03890109890109894
1648841493.68942,0.2882047760738544,0.015873015873012264,-0.0415384615384613
1648841493.710294,0.2882047760738544,0.07936507936507553,-0.04681318681318691
1648841493.731172,0.2882047760738544,-0.015873015873012264,-0.05208791208791208
1648841493.75205,0.2862973983367674,-0.1428571428571388,-0.05472527472527444
1648841493.772925,0.28210116731517587,0.07936507936507553,-0.05208791208791208
1648841493.793671,0.2801937895780888,0.015873015873012264,-0.05340659340659348
1648841493.814422,0.2790493629358366,-0.015873015873012264,-0.05472527472527444
1648841493.835297,0.27790493629358437,-0.015873015873012264,-0.05868131868131865
1648841493.856302,0.2782864118410018,0.015873015873012264,-0.06131868131868101
1648841493.877047,0.27790493629358437,0.015873015873012264,-0.06659340659340662
1648841493.897924,0.27332722972457546,-0.36507936507936734,-0.06395604395604426
1648841493.918673,0.2714198519874884,-0.047619047619051,-0.06395604395604426
1648841493.939418,0.2660791943236447,-0.39682539682539186,-0.06000000000000005
1648841493.960169,0.262645914396888,0.015873015873012264,-0.05472527472527444
1648841493.980924,0.2618829633020532,0.07936507936507553,-0.05868131868131865
1648841494.001927,0.2615014877546358,-0.015873015873012264,-0.06395604395604426
1648841494.022673,0.26073853665980096,0.07936507936507553,-0.06659340659340662
1648841494.043678,0.26035706111238355,-0.015873015873012264,-0.07054945054945083
1648841494.064553,0.2550164034485398,-0.6190476190476204,-0.06527472527472522
1648841494.085423,0.2508201724269483,-0.047619047619051,-0.05868131868131865
1648841494.106298,0.24204623483634613,-0.39682539682539186,-0.05076923076923068
1648841494.127303,0.23785000381475463,-0.4285714285714306,-0.04285714285714315
1648841494.148049,0.23403524834058054,0.20634920634920206,-0.03758241758241754
1648841494.168925,0.2328908216983283,0.07936507936507553,-0.0415384615384613
1648841494.1898,0.2325093461509109,-0.015873015873012264,-0.04549450549450551
1648841494.210676,0.2328908216983283,0.015873015873012264,-0.04813186813186787
1648841494.23168,0.2325093461509109,-0.047619047619051,-0.05340659340659348
1648841494.252554,0.23136491950865867,-0.11111111111111427,-0.05472527472527444
1648841494.2733,0.22678721293964976,-0.39682539682539186,-0.05208791208791208
1648841494.294176,0.2244983596551453,-0.047619047619051,-0.04945054945054972
1648841494.315182,0.22335393301289308,0.07936507936507553,-0.05076923076923068
1648841494.335926,0.22259098191805826,0.015873015873012264,-0.05340659340659348
1648841494.356801,0.22259098191805826,0.07936507936507553,-0.05736263736263725
1648841494.37768,0.22259098191805826,-0.047619047619051,-0.06131868131868101
1648841494.398557,0.22220950637064085,-0.015873015873012264,-0.06395604395604426
1648841494.419426,0.2203021286335538,-0.11111111111111427,-0.06527472527472522
1648841494.440304,0.21419851987487526,-0.36507936507936734,-0.06000000000000005
1648841494.460923,0.21305409323262303,-0.047619047619051,-0.05868131868131865
1648841494.481425,0.2119096665903708,0.015873015873012264,-0.06000000000000005
1648841494.502177,0.21000228885328376,-0.11111111111111427,-0.06000000000000005
1648841494.522968,0.20962081330586635,-0.015873015873012264,-0.06131868131868101
1648841494.543427,0.20847638666361412,-0.1428571428571388,-0.06395604395604426
1648841494.564057,0.20542458228427485,-0.015873015873012264,-0.06131868131868101
1648841494.584678,0.2038986800946052,0.015873015873012264,-0.06263736263736286
1648841494.605553,0.20199130235751817,-0.047619047619051,-0.06131868131868101
1648841494.626429,0.20046540016784853,-0.047619047619051,-0.06131868131868101
1648841494.647433,0.19626916914625703,-0.26984126984126533,-0.05736263736263725
1648841494.668309,0.1951247425040048,-0.047619047619051,-0.05736263736263725
1648841494.689185,0.19398031586175257,-0.015873015873012264,-0.05868131868131865
1648841494.710059,0.19169146257724812,-0.11111111111111427,-0.05736263736263725
1648841494.730932,0.1871137560082392,-0.5555555555555571,-0.05208791208791208
1648841494.751934,0.18406195162889993,-0.11111111111111427,-0.04813186813186787
1648841494.772681,0.1821545738918129,-0.015873015873012264,-0.04813186813186787
1648841494.793685,0.17986572060730843,-0.2380952380952408,-0.04549450549450551
1648841494.814426,0.1749065384908821,0.1428571428571388,-0.04021978021978034
1648841494.835435,0.1745250629434647,0.015873015873012264,-0.0415384615384613
1648841494.856311,0.17376211184862989,-0.1428571428571388,-0.04285714285714315
1648841494.877312,0.17261768520637766,0.07936507936507553,-0.04417582417582411
1648841494.898061,0.17261768520637766,-0.047619047619051,-0.04813186813186787
1648841494.918933,0.17223620965896025,0.015873015873012264,-0.04945054945054972
1648841494.939935,0.17109178301670802,-0.015873015873012264,-0.05076923076923068
1648841494.960681,0.16803997863736875,-0.26984126984126533,-0.04813186813186787
1648841494.981557,0.1665140764476991,-0.11111111111111427,-0.04549450549450551
1648841495.002437,0.16536964980544688,-0.1428571428571388,-0.04813186813186787
1648841495.023308,0.16498817425802947,0.07936507936507553,-0.04945054945054972
1648841495.044313,0.16498817425802947,-0.015873015873012264,-0.05208791208791208
1648841495.065059,0.16498817425802947,0.015873015873012264,-0.05472527472527444
1648841495.085934,0.16460669871061206,0.015873015873012264,-0.05736263736263725
1648841495.106808,0.16384374761577725,-0.047619047619051,-0.05868131868131865
1648841495.127684,0.1623178454261076,-0.1428571428571388,-0.05868131868131865
1648841495.148559,0.1615548943312728,-0.015873015873012264,-0.06000000000000005
1648841495.169434,0.16117341878385538,-0.015873015873012264,-0.06131868131868101
1648841495.190439,0.16041046768902056,0.015873015873012264,-0.06395604395604426
1648841495.211313,0.15888456549935093,-0.17460317460317754,-0.06131868131868101
1648841495.23219,0.15583276112001165,0.07936507936507553,-0.05868131868131865
1648841495.253065,0.15430685893034202,0.07936507936507553,-0.05868131868131865
1648841495.273938,0.1535439078355072,-0.047619047619051,-0.05868131868131865
1648841495.294812,0.1531624322880898,0.015873015873012264,-0.06000000000000005
1648841495.31569,0.1535439078355072,-0.015873015873012264,-0.06395604395604426
1648841495.336565,0.1535439078355072,0.015873015873012264,-0.06527472527472522
1648841495.35744,0.1531624322880898,0.07936507936507553,-0.06791208791208758
1648841495.378315,0.15125505455100274,-0.11111111111111427,-0.06791208791208758
1648841495.399192,0.1451514457923242,-0.26984126984126533,-0.06131868131868101
1648841495.420066,0.14438849469748938,-0.11111111111111427,-0.05736263736263725
1648841495.440941,0.14400701915007197,-0.11111111111111427,-0.05868131868131865
1648841495.461817,0.14362554360265456,0.015873015873012264,-0.06000000000000005
1648841495.482562,0.14362554360265456,-0.11111111111111427,-0.06395604395604426
1648841495.503681,0.14362554360265456,-0.047619047619051,-0.06527472527472522
1648841495.52444,0.14324406805523715,0.015873015873012264,-0.06659340659340662
1648841495.545316,0.1417181658655675,-0.1428571428571388,-0.06659340659340662
1648841495.566191,0.13447013046463674,-0.36507936507936734,-0.05868131868131865
1648841495.586808,0.13408865491721933,-0.047619047619051,-0.05472527472527444
1648841495.607818,0.1329442282749671,0.015873015873012264,-0.05604395604395629
1648841495.628563,0.13065537499046265,-0.2380952380952408,-0.05208791208791208
1648841495.649438,0.12684061951628856,-0.015873015873012264,-0.04813186813186787
1648841495.670314,0.12645914396887115,-0.11111111111111427,-0.04813186813186787
1648841495.691188,0.12531471732661892,0.11111111111111427,-0.04813186813186787
1648841495.711939,0.12417029068436669,-0.015873015873012264,-0.04813186813186787
1648841495.732945,0.12378881513694928,0.015873015873012264,-0.04813186813186787
1648841495.75369,0.12340733958953187,-0.015873015873012264,-0.05076923076923068
1648841495.774565,0.12340733958953187,0.07936507936507553,-0.05208791208791208
1648841495.795439,0.12302586404211446,-0.047619047619051,-0.05340659340659348
1648841495.816444,0.12111848630502742,-0.1428571428571388,-0.05076923076923068
1648841495.837192,0.11501487754634887,0.015873015873012264,-0.04549450549450551
1648841495.858066,0.11501487754634887,0.015873015873012264,-0.04285714285714315
1648841495.87894,0.11425192645151405,-0.047619047619051,-0.04417582417582411
1648841495.899945,0.11387045090409664,-0.047619047619051,-0.04417582417582411
1648841495.920692,0.11425192645151405,-0.015873015873012264,-0.04813186813186787
1648841495.941695,0.11425192645151405,-0.047619047619051,-0.04945054945054972
1648841495.962441,0.11425192645151405,-0.11111111111111427,-0.05076923076923068
1648841495.983446,0.11310749980926182,-0.1428571428571388,-0.05076923076923068
1648841496.004188,0.11158159761959219,-0.047619047619051,-0.04945054945054972
1648841496.024808,0.11005569542992255,-0.1428571428571388,-0.04813186813186787
1648841496.045337,0.10738536659800069,-0.015873015873012264,-0.04549450549450551
1648841496.066232,0.10738536659800069,-0.047619047619051,-0.04549450549450551
1648841496.086985,0.10662241550316587,-0.11111111111111427,-0.04549450549450551
1648841496.107947,0.10624093995574846,-0.11111111111111427,-0.04681318681318691
1648841496.128942,0.10624093995574846,-0.047619047619051,-0.04813186813186787
1648841496.149823,0.10585946440833105,-0.047619047619051,-0.04945054945054972
1648841496.170697,0.10585946440833105,-0.047619047619051,-0.05076923076923068
1648841496.191698,0.10547798886091364,-0.047619047619051,-0.05208791208791208
1648841496.212572,0.10547798886091364,-0.015873015873012264,-0.05208791208791208
1648841496.23345,0.10471503776607882,0.015873015873012264,-0.05340659340659348
1648841496.254325,0.10433356221866141,0.015873015873012264,-0.05472527472527444
1648841496.2752,0.10433356221866141,-0.047619047619051,-0.05736263736263725
1648841496.296074,0.10433356221866141,0.015873015873012264,-0.05736263736263725
1648841496.31695,0.1035706111238266,0.015873015873012264,-0.05868131868131865
1648841496.337823,0.10318913557640919,-0.047619047619051,-0.05868131868131865
1648841496.358699,0.10318913557640919,0.015873015873012264,-0.06000000000000005
1648841496.379575,0.10280766002899178,-0.015873015873012264,-0.06131868131868101
1648841496.400451,0.10242618448157437,-0.015873015873012264,-0.06131868131868101
1648841496.421323,0.10166323338673955,-0.11111111111111427,-0.06131868131868101
1648841496.4422,0.09784847791256546,-0.26984126984126533,-0.05736263736263725
1648841496.463076,0.09670405127031323,-0.11111111111111427,-0.05472527472527444
1648841496.483949,0.09594110017547841,-0.11111111111111427,-0.05340659340659348
1648841496.504826,0.09517814908064359,0.015873015873012264,-0.05472527472527444
1648841496.5257,0.09517814908064359,0.015873015873012264,-0.05604395604395629
1648841496.546576,0.095559624628061,0.015873015873012264,-0.05736263736263725
1648841496.567447,0.09517814908064359,0.015873015873012264,-0.05868131868131865
1648841496.588201,0.09517814908064359,-0.11111111111111427,-0.06000000000000005
1648841496.608948,0.09403372243839137,-0.047619047619051,-0.05868131868131865
1648841496.629951,0.09365224689097396,-0.047619047619051,-0.05868131868131865
1648841496.650698,0.09365224689097396,0.015873015873012264,-0.05868131868131865
1648841496.671701,0.09365224689097396,0.07936507936507553,-0.06131868131868101
1648841496.692577,0.09327077134355655,0.07936507936507553,-0.06263736263736286
1648841496.713452,0.09288929579613914,-0.047619047619051,-0.06263736263736286
1648841496.734328,0.0913633936064695,-0.1428571428571388,-0.06131868131868101
1648841496.755198,0.087167162584878,-0.015873015873012264,-0.05604395604395629
1648841496.776079,0.08640421149004318,-0.047619047619051,-0.05340659340659348
1648841496.796953,0.08602273594262577,-0.047619047619051,-0.05472527472527444
1648841496.817699,0.08602273594262577,-0.047619047619051,-0.05472527472527444
1648841496.838573,0.08640421149004318,-0.047619047619051,-0.05604395604395629
1648841496.85958,0.08640421149004318,-0.047619047619051,-0.05736263736263725
1648841496.880455,0.08602273594262577,-0.047619047619051,-0.05868131868131865
1648841496.901323,0.08564126039520836,0.015873015873012264,-0.05868131868131865
1648841496.922328,0.08525978484779095,-0.015873015873012264,-0.05868131868131865
1648841496.943075,0.08525978484779095,-0.015873015873012264,-0.06000000000000005
1648841496.964081,0.08525978484779095,-0.015873015873012264,-0.06131868131868101
1648841496.98496,0.08525978484779095,0.015873015873012264,-0.06263736263736286
1648841497.005705,0.08487830930037354,-0.015873015873012264,-0.06395604395604426
1648841497.026581,0.08449683375295614,-0.047619047619051,-0.06395604395604426
1648841497.047458,0.08373388265812132,-0.015873015873012264,-0.06263736263736286
1648841497.068081,0.08335240711070391,0.015873015873012264,-0.06263736263736286
1648841497.088831,0.08335240711070391,0.015873015873012264,-0.06395604395604426
1648841497.109577,0.0829709315632865,-0.015873015873012264,-0.06527472527472522
1648841497.130452,0.08258945601586909,0.07936507936507553,-0.06527472527472522
1648841497.151455,0.08068207827878204,-0.2380952380952408,-0.06131868131868101
1648841497.172331,0.07610437170977313,0.015873015873012264,-0.05340659340659348
1648841497.193077,0.07534142061493831,-0.047619047619051,-0.05340659340659348
1648841497.213953,0.0749599450675209,-0.047619047619051,-0.05340659340659348
1648841497.234827,0.0745784695201035,-0.015873015873012264,-0.05340659340659348
1648841497.255704,0.0749599450675209,-0.11111111111111427,-0.05604395604395629
1648841497.276709,0.07534142061493831,-0.015873015873012264,-0.05736263736263725
1648841497.297585,0.0749599450675209,-0.047619047619051,-0.05736263736263725
1648841497.318329,0.0745784695201035,-0.1428571428571388,-0.05736263736263725
1648841497.339333,0.07343404287785127,0.015873015873012264,-0.05736263736263725
1648841497.360084,0.07343404287785127,-0.015873015873012264,-0.05604395604395629
1648841497.38096,0.07343404287785127,0.07936507936507553,-0.05736263736263725
1648841497.401834,0.07381551842526868,-0.1428571428571388,-0.06000000000000005
1648841497.42258,0.07343404287785127,-0.015873015873012264,-0.06000000000000005
1648841497.443454,0.07267109178301645,-0.1428571428571388,-0.06000000000000005
1648841497.46433,0.06771190966659013,-0.6190476190476204,-0.05076923076923068
1648841497.485335,0.06542305638208568,-0.11111111111111427,-0.04549450549450551
1648841497.506205,0.06504158083466827,0.015873015873012264,-0.04681318681318691
1648841497.527085,0.06427862973983345,-0.047619047619051,-0.04549450549450551
1648841497.54796,0.06466010528725086,-0.015873015873012264,-0.04681318681318691
1648841497.568836,0.06504158083466827,-0.047619047619051,-0.04945054945054972
1648841497.589709,0.06504158083466827,-0.015873015873012264,-0.04945054945054972
1648841497.610586,0.06466010528725086,-0.047619047619051,-0.05076923076923068
1648841497.631457,0.06389715419241604,-0.047619047619051,-0.04945054945054972
1648841497.652332,0.06313420309758122,0.015873015873012264,-0.04945054945054972
1648841497.673208,0.06313420309758122,0.015873015873012264,-0.04945054945054972
1648841497.694086,0.06313420309758122,0.015873015873012264,-0.05076923076923068
1648841497.714961,0.06313420309758122,-0.047619047619051,-0.05076923076923068
1648841497.735962,0.06313420309758122,-0.015873015873012264,-0.05208791208791208
1648841497.756712,0.061608300907911584,-0.11111111111111427,-0.04945054945054972
1648841497.777588,0.056649118791485265,0.07936507936507553,-0.04285714285714315
1648841497.798464,0.056649118791485265,-0.015873015873012264,-0.0415384615384613
1648841497.819338,0.056649118791485265,-0.047619047619051,-0.0415384615384613
1648841497.840338,0.056267643244067855,0.015873015873012264,-0.04285714285714315
1648841497.861089,0.056649118791485265,-0.047619047619051,-0.04285714285714315
1648841497.881964,0.056649118791485265,0.015873015873012264,-0.04417582417582411
1648841497.902709,0.056649118791485265,-0.047619047619051,-0.04549450549450551
1648841497.923713,0.056267643244067855,-0.015873015873012264,-0.04417582417582411
1648841497.944592,0.055886167696650446,0.015873015873012264,-0.04417582417582411
1648841497.965464,0.055886167696650446,-0.047619047619051,-0.04549450549450551
1648841497.98634,0.055886167696650446,-0.047619047619051,-0.04681318681318691
1648841498.007085,0.056267643244067855,0.015873015873012264,-0.04681318681318691
1648841498.02809,0.055886167696650446,-0.047619047619051,-0.04813186813186787
1648841498.048963,0.055886167696650446,-0.015873015873012264,-0.04813186813186787
1648841498.069711,0.05512321660181563,-0.047619047619051,-0.04813186813186787
1648841498.090585,0.05512321660181563,-0.015873015873012264,-0.04813186813186787
1648841498.111591,0.05512321660181563,0.015873015873012264,-0.04813186813186787
1648841498.132467,0.05512321660181563,-0.047619047619051,-0.04945054945054972
1648841498.153339,0.05512321660181563,-0.047619047619051,-0.04945054945054972
1648841498.174086,0.05474174105439822,-0.015873015873012264,-0.04945054945054972
1648841498.194961,0.05474174105439822,-0.047619047619051,-0.04945054945054972
1648841498.215966,0.05474174105439822,-0.015873015873012264,-0.04945054945054972
1648841498.236842,0.05436026550698081,-0.047619047619051,-0.05076923076923068
1648841498.257587,0.05436026550698081,-0.015873015873012264,-0.05076923076923068
1648841498.278463,0.05436026550698081,0.015873015873012264,-0.05208791208791208
1648841498.299463,0.0539787899595634,-0.11111111111111427,-0.05208791208791208
1648841498.320343,0.0539787899595634,-0.015873015873012264,-0.05208791208791208
1648841498.341216,0.05359731441214599,0.07936507936507553,-0.05208791208791208
1648841498.362094,0.05321583886472858,-0.047619047619051,-0.05208791208791208
1648841498.382838,0.05283436331731117,-0.11111111111111427,-0.05208791208791208
1648841498.403714,0.05283436331731117,0.015873015873012264,-0.05208791208791208
1648841498.424589,0.051689936675058945,-0.1428571428571388,-0.05076923076923068
1648841498.445594,0.04863813229571967,-0.015873015873012264,-0.04681318681318691
1648841498.46634,0.04863813229571967,-0.047619047619051,-0.04549450549450551
1648841498.487342,0.04825665674830226,-0.015873015873012264,-0.04549450549450551
1648841498.508089,0.04825665674830226,0.11111111111111427,-0.04549450549450551
1648841498.528965,0.04825665674830226,0.015873015873012264,-0.04681318681318691
1648841498.549969,0.04825665674830226,-0.015873015873012264,-0.04681318681318691
1648841498.570962,0.04825665674830226,-0.047619047619051,-0.04681318681318691
1648841498.591845,0.04787518120088485,-0.11111111111111427,-0.04813186813186787
1648841498.612591,0.04787518120088485,-0.015873015873012264,-0.04813186813186787
1648841498.633466,0.04787518120088485,-0.015873015873012264,-0.04813186813186787
1648841498.654341,0.04787518120088485,-0.015873015873012264,-0.04945054945054972
1648841498.675345,0.04787518120088485,-0.047619047619051,-0.04945054945054972
1648841498.69622,0.04787518120088485,-0.015873015873012264,-0.04945054945054972
1648841498.717096,0.047493705653467444,-0.015873015873012264,-0.04945054945054972
1648841498.737972,0.047493705653467444,0.07936507936507553,-0.05076923076923068
1648841498.758843,0.047493705653467444,-0.015873015873012264,-0.05076923076923068
1648841498.779722,0.047493705653467444,0.015873015873012264,-0.05076923076923068
1648841498.800593,0.047493705653467444,-0.015873015873012264,-0.05076923076923068
1648841498.821596,0.047493705653467444,-0.047619047619051,-0.05208791208791208
1648841498.842471,0.047112230106050035,-0.015873015873012264,-0.05208791208791208
1648841498.863349,0.047112230106050035,-0.015873015873012264,-0.05208791208791208
1648841498.884094,0.047112230106050035,0.015873015873012264,-0.05076923076923068
1648841498.904972,0.047112230106050035,-0.015873015873012264,-0.05340659340659348
1648841498.925843,0.047112230106050035,-0.015873015873012264,-0.05340659340659348
1648841498.946722,0.047112230106050035,-0.015873015873012264,-0.05208791208791208
1648841498.967724,0.046730754558632626,-0.015873015873012264,-0.05340659340659348
1648841498.988598,0.046730754558632626,-0.047619047619051,-0.05340659340659348
1648841499.009474,0.046730754558632626,-0.11111111111111427,-0.05472527472527444
1648841499.030348,0.046730754558632626,-0.015873015873012264,-0.05472527472527444
1648841499.051097,0.046730754558632626,-0.015873015873012264,-0.05472527472527444
1648841499.071971,0.046730754558632626,-0.015873015873012264,-0.05472527472527444
1648841499.092975,0.046730754558632626,-0.047619047619051,-0.05472527472527444
1648841499.113725,0.046730754558632626,-0.047619047619051,-0.05472527472527444
1648841499.1346,0.046349279011215216,-0.11111111111111427,-0.05604395604395629
1648841499.155599,0.046730754558632626,0.07936507936507553,-0.05604395604395629
1648841499.176351,0.046349279011215216,-0.015873015873012264,-0.05604395604395629
1648841499.197097,0.046349279011215216,-0.047619047619051,-0.05604395604395629
1648841499.218258,0.046349279011215216,-0.047619047619051,-0.05736263736263725
1648841499.239101,0.046349279011215216,-0.047619047619051,-0.05736263736263725
1648841499.259975,0.04596780346379781,-0.047619047619051,-0.05736263736263725
1648841499.28085,0.04596780346379781,-0.047619047619051,-0.05736263736263725
1648841499.301725,0.04596780346379781,-0.015873015873012264,-0.05736263736263725
1648841499.322601,0.04596780346379781,-0.015873015873012264,-0.05736263736263725
1648841499.343473,0.04596780346379781,-0.047619047619051,-0.05736263736263725
1648841499.364352,0.04596780346379781,-0.015873015873012264,-0.05736263736263725
1648841499.385228,0.0455863279163804,-0.015873015873012264,-0.05868131868131865
1648841499.40623,0.0455863279163804,-0.047619047619051,-0.05736263736263725
1648841499.427103,0.0455863279163804,-0.047619047619051,-0.05868131868131865
1648841499.447977,0.0455863279163804,0.015873015873012264,-0.06000000000000005
1648841499.468978,0.0455863279163804,0.015873015873012264,-0.06000000000000005
1648841499.489724,0.04520485236896299,0.015873015873012264,-0.06000000000000005
1648841499.510599,0.04520485236896299,-0.015873015873012264,-0.06000000000000005
1648841499.531604,0.04520485236896299,-0.015873015873012264,-0.06000000000000005
1648841499.552479,0.04520485236896299,0.07936507936507553,-0.06000000000000005
1648841499.573355,0.04520485236896299,-0.047619047619051,-0.06131868131868101
1648841499.593976,0.04520485236896299,0.015873015873012264,-0.06131868131868101
1648841499.614977,0.04520485236896299,-0.047619047619051,-0.06000000000000005
1648841499.635725,0.04520485236896299,-0.015873015873012264,-0.06131868131868101
1648841499.656605,0.04482337682154558,0.07936507936507553,-0.06131868131868101
1648841499.677479,0.04482337682154558,0.07936507936507553,-0.06131868131868101
1648841499.69835,0.04482337682154558,-0.015873015873012264,-0.06131868131868101
1648841499.719354,0.04482337682154558,0.015873015873012264,-0.06131868131868101
1648841499.74023,0.04444190127412817,-0.015873015873012264,-0.06263736263736286
1648841499.760977,0.04444190127412817,-0.015873015873012264,-0.06131868131868101
1648841499.781852,0.04444190127412817,0.015873015873012264,-0.06131868131868101
1648841499.802731,0.04406042572671076,-0.047619047619051,-0.06131868131868101
1648841499.823602,0.04406042572671076,-0.047619047619051,-0.06131868131868101
1648841499.844484,0.04406042572671076,-0.015873015873012264,-0.06263736263736286
1648841499.865357,0.04406042572671076,-0.015873015873012264,-0.06263736263736286
1648841499.886231,0.04367895017929335,-0.11111111111111427,-0.06131868131868101
1648841499.907107,0.04367895017929335,-0.015873015873012264,-0.06263736263736286
1648841499.927982,0.04367895017929335,-0.047619047619051,-0.06263736263736286
1648841499.948857,0.04367895017929335,-0.015873015873012264,-0.06131868131868101
1648841499.969733,0.04329747463187594,-0.015873015873012264,-0.06263736263736286
1648841499.990607,0.04329747463187594,-0.11111111111111427,-0.06263736263736286
1648841500.01148,0.04329747463187594,-0.047619047619051,-0.06395604395604426
1648841500.032479,0.042915999084458534,-0.047619047619051,-0.06263736263736286
1648841500.053354,0.042915999084458534,0.015873015873012264,-0.06263736263736286
1648841500.074229,0.042153047989623715,-0.11111111111111427,-0.06131868131868101
1648841500.094982,0.03833829251544962,-0.2380952380952408,-0.05604395604395629
1648841500.115983,0.037956816968032214,-0.11111111111111427,-0.05340659340659348
1648841500.136858,0.037956816968032214,-0.11111111111111427,-0.05340659340659348
1648841500.157736,0.037575341420614805,0.015873015873012264,-0.05340659340659348
1648841500.178609,0.037956816968032214,-0.047619047619051,-0.05340659340659348
1648841500.19961,0.037956816968032214,-0.015873015873012264,-0.05472527472527444
1648841500.220479,0.037956816968032214,0.015873015873012264,-0.05472527472527444
1648841500.241354,0.037956816968032214,-0.015873015873012264,-0.05472527472527444
1648841500.262359,0.037575341420614805,-0.015873015873012264,-0.05472527472527444
1648841500.283361,0.037575341420614805,-0.047619047619051,-0.05472527472527444
1648841500.30436,0.037956816968032214,0.015873015873012264,-0.05472527472527444
1648841500.325111,0.037956816968032214,-0.047619047619051,-0.05472527472527444
1648841500.345987,0.037956816968032214,-0.015873015873012264,-0.05472527472527444
1648841500.36686,0.037575341420614805,-0.015873015873012264,-0.05472527472527444
1648841500.387862,0.037575341420614805,-0.047619047619051,-0.05604395604395629
1648841500.408736,0.037575341420614805,0.015873015873012264,-0.05604395604395629
1648841500.429861,0.037575341420614805,0.015873015873012264,-0.05604395604395629
1648841500.450737,0.037575341420614805,0.015873015873012264,-0.05604395604395629
1648841500.471607,0.037575341420614805,-0.11111111111111427,-0.05604395604395629
1648841500.492483,0.037575341420614805,-0.015873015873012264,-0.05736263736263725
1648841500.51348,0.037575341420614805,0.07936507936507553,-0.05604395604395629
