Timestamp,POS,VEL,Torq
1648841397.0208,1.5211337453269245,-0.015873015873012264,-0.0006593406593404794
1648841397.041674,1.5024414435034714,1.8253968253968225,0.005934065934066091
1648841397.062552,1.480697337300679,-0.5238095238095184,0.005934065934066091
1648841397.083426,1.4742122529945831,-0.9682539682539613,-0.005934065934066091
1648841397.104301,1.4539940489814605,0.5238095238095184,0.017802197802197828
1648841397.125175,1.4372091248950944,0.7460317460317469,0.020439560439560633
1648841397.145673,1.422713054093233,-0.4285714285714306,0.013846153846154063
1648841397.166556,1.4211871519035633,0.2380952380952408,-0.017802197802197828
1648841397.187556,1.399443045700771,0.5873015873015817,-0.0006593406593404794
1648841397.20843,1.3868543526359964,-0.7460317460317469,-0.01252747252747266
1648841397.229431,1.3807507438773179,0.11111111111111427,-0.02307692307692344
1648841397.250177,1.3540474555580992,1.5714285714285694,0.011208791208791258
1648841397.271051,1.3364995803768984,-1.603174603174601,0.01252747252747266
1648841397.291803,1.334210727092394,-0.39682539682539186,-0.004615384615384688
1648841397.312683,1.3223849851224543,1.4761904761904816,-0.004615384615384688
1648841397.333558,1.3052185854886709,0.7460317460317469,-0.007252747252747049
1648841397.354307,1.2949187457084008,-0.8730158730158735,-0.02043956043956019
1648841397.375183,1.2830930037384611,-0.2380952380952408,-0.01912087912087923
1648841397.396058,1.2666895551995125,0.8730158730158735,-0.001978021978021882
1648841397.416929,1.2533379110399032,0.6190476190476204,-0.0006593406593404794
1648841397.437804,1.240749217975127,0.015873015873012264,-0.0006593406593404794
1648841397.458805,1.2350270847638658,0.3333333333333286,-0.02043956043956019
1648841397.479679,1.215571831845578,0.07936507936507553,-0.008571428571428452
1648841397.500554,1.207179369802395,-0.17460317460317754,-0.01912087912087923
1648841397.521559,1.19611657892729,0.07936507936507553,-0.01912087912087923
1648841397.542435,1.1808575570305937,-0.2380952380952408,-0.005934065934066091
1648841397.563433,1.1743724727244977,-0.11111111111111427,-0.017802197802197828
1648841397.58431,1.158731975280384,1.095238095238102,-0.004615384615384688
1648841397.605054,1.1453803311207746,0.5238095238095184,-0.003296703296703285
1648841397.625804,1.1350804913405046,-0.36507936507936734,-0.01384615384615362
1648841397.646422,1.1305027847714957,0.39682539682539186,-0.0257142857142858
1648841397.667111,1.1118104829480426,0.26984126984126533,-0.008571428571428452
1648841397.688108,1.103799496452277,-0.49206349206349387,-0.015164835164835022
1648841397.708976,1.093499656672007,0.26984126984126533,-0.015164835164835022
1648841397.729975,1.0816739147020673,0.8095238095238102,-0.01252747252747266
1648841397.750849,1.0690852216372928,0.11111111111111427,-0.008571428571428452
1648841397.771851,1.061837186236362,-0.26984126984126533,-0.02307692307692344
1648841397.792727,1.0511558709086746,-0.047619047619051,-0.021758241758241592
1648841397.813601,1.0389486533913175,-0.11111111111111427,-0.01648351648351687
1648841397.834477,1.0317006179903867,0.20634920634920206,-0.021758241758241592
1648841397.855351,1.0168230716411077,0.8095238095238102,-0.008571428571428452
1648841397.876227,1.0072861829556725,-0.047619047619051,-0.011208791208791258
1648841397.897101,1.003089951934081,-0.047619047619051,-0.02703296703296676
1648841397.917939,0.9882124055848021,0.5238095238095184,-0.01384615384615362
1648841397.938299,0.9790569924467842,0.015873015873012264,-0.021758241758241592
1648841397.959055,0.971427481498436,-0.39682539682539186,-0.02703296703296676
1648841397.979808,0.9634164950026705,-0.2380952380952408,-0.02703296703296676
1648841398.000684,0.9531166552224004,-0.17460317460317754,-0.02703296703296676
1648841398.021559,0.9439612420843826,-0.4285714285714306,-0.02703296703296676
1648841398.042438,0.9325169756618603,-0.1428571428571388,-0.021758241758241592
1648841398.06344,0.9222171358815903,-0.2380952380952408,-0.02043956043956019
1648841398.084185,0.917257953765164,-0.047619047619051,-0.02967032967033001
1648841398.105059,0.9069581139848939,0.36507936507936734,-0.0257142857142858
1648841398.125935,0.9000915541313805,0.2380952380952408,-0.03890109890109894
1648841398.146809,0.8909361409933627,-0.26984126984126533,-0.0415384615384613
1648841398.167683,0.8806363012130927,-0.6825396825396837,-0.03362637362637333
1648841398.188564,0.8703364614328226,0.6507936507936449,-0.01912087912087923
1648841398.209435,0.8577477683680481,0.36507936507936734,-0.011208791208791258
1648841398.23044,0.8516441596093696,-0.30158730158730407,-0.0257142857142858
1648841398.251314,0.8508812085145347,0.07936507936507553,-0.04417582417582411
1648841398.272191,0.8405813687342647,0.46031746031745513,-0.0415384615384613
1648841398.293066,0.8310444800488295,-0.30158730158730407,-0.04285714285714315
1648841398.313682,0.820363164721142,-0.6190476190476204,-0.03230769230769237
1648841398.334308,0.811970702677959,0.49206349206349387,-0.02043956043956019
1648841398.355192,0.7986190585183497,0.49206349206349387,-0.008571428571428452
1648841398.376067,0.793278400854506,-0.30158730158730407,-0.024395604395604398
1648841398.396683,0.793278400854506,0.11111111111111427,-0.04021978021978034
1648841398.417309,0.7837415121690707,0.6190476190476204,-0.04021978021978034
1648841398.4382,0.7749675745784703,-0.30158730158730407,-0.04021978021978034
1648841398.459067,0.770008392462044,-0.17460317460317754,-0.0415384615384613
1648841398.479942,0.7539864194705128,0.7142857142857082,-0.01648351648351687
1648841398.500816,0.7463569085221629,-0.047619047619051,-0.017802197802197828
1648841398.521692,0.7444495307850758,0.26984126984126533,-0.02967032967033001
1648841398.542563,0.7356755931944754,0.6507936507936449,-0.02703296703296676
1648841398.56344,0.7303349355306317,0.3333333333333286,-0.03626373626373658
1648841398.584444,0.7238498512245357,0.2380952380952408,-0.04417582417582411
1648841398.605564,0.7169832913710223,-0.4285714285714306,-0.04285714285714315
1648841398.626442,0.712024109254596,-0.11111111111111427,-0.04549450549450551
1648841398.647195,0.6963836118104823,0.2380952380952408,-0.021758241758241592
1648841398.668434,0.6929503318837256,0.2380952380952408,-0.02703296703296676
1648841398.689104,0.6845578698405426,0.7460317460317469,-0.02307692307692344
1648841398.709982,0.6780727855344466,0.1428571428571388,-0.02703296703296676
1648841398.730689,0.676546883344777,0.3333333333333286,-0.04285714285714315
1648841398.751734,0.6708247501335158,0.015873015873012264,-0.04813186813186787
1648841398.772609,0.6647211413748373,0.46031746031745513,-0.04813186813186787
1648841398.793356,0.6528953994048976,0.07936507936507553,-0.03758241758241754
1648841398.814235,0.6441214618142972,-0.6825396825396837,-0.030989010989010968
1648841398.835107,0.6391622796978709,-0.5238095238095184,-0.024395604395604398
1648841398.855983,0.6361104753185316,0.2380952380952408,-0.02967032967033001
1648841398.876857,0.6296253910124356,0.8412698412698347,-0.02967032967033001
1648841398.897735,0.6265735866330964,0.7460317460317469,-0.04417582417582411
1648841398.918607,0.617799649042496,0.49206349206349387,-0.04417582417582411
1648841398.939608,0.6136034180209045,0.20634920634920206,-0.04813186813186787
1648841398.960561,0.604829480430304,0.36507936507936734,-0.04021978021978034
1648841398.981067,0.5975814450293733,-0.49206349206349387,-0.03758241758241754
1648841399.001817,0.596437018387121,-0.015873015873012264,-0.04681318681318691
1648841399.022692,0.5865186541542684,0.49206349206349387,-0.03758241758241754
1648841399.043698,0.579652094300755,-0.30158730158730407,-0.03362637362637333
1648841399.064447,0.5773632410162506,-0.047619047619051,-0.03890109890109894
1648841399.085193,0.5689707789730676,0.6190476190476204,-0.030989010989010968
1648841399.106073,0.5663004501411457,0.49206349206349387,-0.03890109890109894
1648841399.126946,0.5586709391927975,0.6507936507936449,-0.03890109890109894
1648841399.147949,0.5563820859082931,0.36507936507936734,-0.04813186813186787
1648841399.168824,0.5487525749599449,0.36507936507936734,-0.04417582417582411
1648841399.189699,0.5464637216754404,0.2380952380952408,-0.05076923076923068
1648841399.210574,0.5369268329900052,0.3333333333333286,-0.04285714285714315
1648841399.231574,0.5304417486839093,-0.5238095238095184,-0.03494505494505473
1648841399.25245,0.5281528953994048,-0.11111111111111427,-0.03890109890109894
1648841399.273323,0.518997482261387,0.7142857142857082,-0.02703296703296676
1648841399.294199,0.5128938735027084,0.1428571428571388,-0.0257142857142858
1648841399.315075,0.5113679713130388,0.2380952380952408,-0.03362637362637333
1648841399.33595,0.5098420691233692,0.2380952380952408,-0.04285714285714315
1648841399.356826,0.502212558175021,0.3333333333333286,-0.0415384615384613
1648841399.3777,0.5003051804379339,0.2380952380952408,-0.04945054945054972
1648841399.398576,0.49267566948958574,-0.1428571428571388,-0.04549450549450551
1648841399.419575,0.4900053406576639,0.07936507936507553,-0.04681318681318691
1648841399.440451,0.48123140306706347,0.07936507936507553,-0.04021978021978034
1648841399.461202,0.48046845197222865,0.11111111111111427,-0.04681318681318691
1648841399.482077,0.4709315632867934,-0.11111111111111427,-0.03890109890109894
1648841399.502947,0.4690241855497064,-0.015873015873012264,-0.04285714285714315
1648841399.523824,0.46063172350652337,0.49206349206349387,-0.03230769230769237
1648841399.544702,0.4575799191271841,0.015873015873012264,-0.03362637362637333
1648841399.565577,0.4530022125581752,0.3333333333333286,-0.03362637362637333
1648841399.586452,0.45185778591592296,0.1428571428571388,-0.04021978021978034
1648841399.607452,0.44766155489433146,0.11111111111111427,-0.04549450549450551
1648841399.628194,0.44270237277790514,0.26984126984126533,-0.04549450549450551
1648841399.649078,0.4404135194934007,0.20634920634920206,-0.04945054945054972
1648841399.670079,0.4335469596398873,0.36507936507936734,-0.04549450549450551
1648841399.690822,0.4320210574502177,0.20634920634920206,-0.04945054945054972
1648841399.711828,0.4243915465018695,-0.1428571428571388,-0.04285714285714315
1648841399.732573,0.42324711985961727,-0.015873015873012264,-0.04813186813186787
1648841399.75345,0.4167620355535213,-0.26984126984126533,-0.04285714285714315
1648841399.774457,0.41371023117418204,0.07936507936507553,-0.04021978021978034
1648841399.79533,0.40531776913099904,-0.11111111111111427,-0.03230769230769237
1648841399.816211,0.4037918669413294,0.07936507936507553,-0.03626373626373658
1648841399.83708,0.39806973373006826,-0.11111111111111427,-0.03230769230769237
1648841399.857825,0.3961623559929812,0.07936507936507553,-0.03626373626373658
1648841399.8787,0.395017929350729,-0.015873015873012264,-0.04417582417582411
1648841399.899706,0.3912031738765549,0.11111111111111427,-0.04813186813186787
1648841399.920581,0.38586251621271117,0.11111111111111427,-0.04813186813186787
1648841399.942205,0.38509956511787635,0.07936507936507553,-0.05208791208791208
1648841399.963079,0.3778515297169456,-0.26984126984126533,-0.04549450549450551
1648841399.983955,0.37594415197985853,0.07936507936507553,-0.04681318681318691
1648841400.004832,0.3736552986953541,0.11111111111111427,-0.04945054945054972
1648841400.025705,0.3664072632944233,-0.015873015873012264,-0.04417582417582411
1648841400.04658,0.3660257877470059,0.015873015873012264,-0.04945054945054972
1648841400.067454,0.3622110322728318,0.015873015873012264,-0.05208791208791208
1648841400.088332,0.35534447241931844,0.3333333333333286,-0.03890109890109894
1648841400.109207,0.3496223392080573,-0.39682539682539186,-0.03230769230769237
1648841400.130082,0.34809643701838766,-0.11111111111111427,-0.03362637362637333
1648841400.150956,0.3458075837338832,0.11111111111111427,-0.03758241758241754
1648841400.171827,0.3419928282597091,0.11111111111111427,-0.03890109890109894
1648841400.192704,0.33970397497520466,0.015873015873012264,-0.04285714285714315
1648841400.213579,0.338178072785535,0.07936507936507553,-0.04681318681318691
1648841400.234456,0.33588921950103057,0.11111111111111427,-0.05208791208791208
1648841400.255458,0.3290226596475172,0.07936507936507553,-0.04417582417582411
1648841400.276334,0.3282597085526824,0.07936507936507553,-0.04681318681318691
1648841400.29708,0.32635233081559534,0.1428571428571388,-0.05076923076923068
1648841400.318084,0.3202487220569168,-0.015873015873012264,-0.04681318681318691
1648841400.338957,0.31948577096208197,0.015873015873012264,-0.04945054945054972
1648841400.359834,0.31795986877241234,0.07936507936507553,-0.05472527472527444
1648841400.380705,0.31109330891889897,-0.30158730158730407,-0.04549450549450551
1648841400.401581,0.30956740672922933,-0.1428571428571388,-0.04681318681318691
1648841400.422455,0.3080415045395597,0.015873015873012264,-0.05076923076923068
1648841400.443459,0.3004119935912115,-0.36507936507936734,-0.04021978021978034
1648841400.464335,0.3000305180437941,-0.015873015873012264,-0.04417582417582411
1648841400.485209,0.29774166475928965,0.015873015873012264,-0.04681318681318691
1648841400.506085,0.2904936293583589,-0.1428571428571388,-0.03758241758241754
1648841400.52696,0.2904936293583589,0.015873015873012264,-0.0415384615384613
1648841400.547832,0.28896772716868924,0.07936507936507553,-0.04417582417582411
1648841400.568709,0.2832455939574281,-0.015873015873012264,-0.03890109890109894
1648841400.589585,0.2832455939574281,-0.047619047619051,-0.04417582417582411
1648841400.610456,0.28210116731517587,0.015873015873012264,-0.05076923076923068
1648841400.631333,0.28057526512550623,0.07936507936507553,-0.05340659340659348
1648841400.652337,0.2790493629358366,0.07936507936507553,-0.05868131868131865
1648841400.673083,0.2744716563668277,-0.2380952380952408,-0.05736263736263725
1648841400.694083,0.27294575417715805,0.015873015873012264,-0.05736263736263725
1648841400.715088,0.271038376440071,0.015873015873012264,-0.06131868131868101
1648841400.735964,0.26836804760814914,-0.047619047619051,-0.06000000000000005
1648841400.756838,0.26417181658655764,-0.047619047619051,-0.05736263736263725
1648841400.777713,0.2634088654917228,-0.015873015873012264,-0.06000000000000005
1648841400.798588,0.2618829633020532,0.015873015873012264,-0.06263736263736286
1648841400.819338,0.2573052567330443,-0.30158730158730407,-0.05868131868131865
1648841400.840214,0.254253452353705,0.07936507936507553,-0.05208791208791208
1648841400.861089,0.25272755016403536,0.07936507936507553,-0.05472527472527444
1648841400.881964,0.24738689250018986,-0.36507936507936734,-0.04813186813186787
1648841400.902837,0.244716563668268,0.07936507936507553,-0.04285714285714315
1648841400.923709,0.24357213702601577,0.015873015873012264,-0.04681318681318691
1648841400.944584,0.2409018081940939,-0.015873015873012264,-0.04813186813186787
1648841400.96546,0.236324101625085,-0.30158730158730407,-0.0415384615384613
1648841400.986466,0.23517967498283276,-0.1428571428571388,-0.0415384615384613
1648841401.007339,0.23365377279316313,0.015873015873012264,-0.04285714285714315
1648841401.028087,0.2321278706034935,0.07936507936507553,-0.04681318681318691
1648841401.049089,0.22945754177157163,0.11111111111111427,-0.04681318681318691
1648841401.069835,0.227931639581902,-0.17460317460317754,-0.04945054945054972
1648841401.090581,0.22564278629739754,0.015873015873012264,-0.04813186813186787
1648841401.11108,0.2241168841077279,-0.015873015873012264,-0.05208791208791208
1648841401.131585,0.22297245746547567,-0.015873015873012264,-0.05472527472527444
1648841401.152336,0.22144655527580603,0.07936507936507553,-0.05604395604395629
1648841401.173213,0.2203021286335538,0.07936507936507553,-0.06000000000000005
1648841401.194092,0.21686884870679712,-0.1428571428571388,-0.05868131868131865
1648841401.214965,0.2153429465171275,-0.015873015873012264,-0.05736263736263725
1648841401.236088,0.21381704432745785,-0.015873015873012264,-0.05868131868131865
1648841401.256967,0.21114671549553599,0.015873015873012264,-0.05604395604395629
1648841401.277842,0.2080949111161967,-0.047619047619051,-0.05604395604395629
1648841401.298719,0.20695048447394448,-0.015873015873012264,-0.05604395604395629
1648841401.319592,0.20580605783169226,-0.015873015873012264,-0.05736263736263725
1648841401.340468,0.20466163118944003,0.015873015873012264,-0.06131868131868101
1648841401.361468,0.2031357289997704,0.07936507936507553,-0.06263736263736286
1648841401.382216,0.20084687571526594,0.07936507936507553,-0.06263736263736286
1648841401.403094,0.19626916914625703,-0.36507936507936734,-0.05604395604395629
1648841401.424091,0.1951247425040048,-0.015873015873012264,-0.05472527472527444
1648841401.444842,0.19436179140916998,-0.015873015873012264,-0.05604395604395629
1648841401.465715,0.19245441367208294,0.015873015873012264,-0.05736263736263725
1648841401.486589,0.19016556038757848,-0.047619047619051,-0.05604395604395629
1648841401.507465,0.1871137560082392,-0.30158730158730407,-0.05076923076923068
1648841401.528212,0.18520637827115216,-0.047619047619051,-0.04813186813186787
1648841401.548711,0.1829175249866477,0.11111111111111427,-0.04813186813186787
1648841401.569591,0.1779583428702214,-0.30158730158730407,-0.03758241758241754
1648841401.590465,0.17643244068055175,-0.047619047619051,-0.03362637362637333
1648841401.61147,0.17566948958571693,-0.047619047619051,-0.03626373626373658
1648841401.632215,0.1749065384908821,0.015873015873012264,-0.04021978021978034
1648841401.653091,0.1741435873960473,0.07936507936507553,-0.04549450549450551
1648841401.674099,0.17338063630121248,0.015873015873012264,-0.04945054945054972
1648841401.694842,0.17147325856412543,0.015873015873012264,-0.04813186813186787
1648841401.716096,0.16842145418478616,-0.1428571428571388,-0.04417582417582411
1648841401.736972,0.16689555199511652,-0.047619047619051,-0.04285714285714315
1648841401.757846,0.1657511253528643,-0.047619047619051,-0.04549450549450551
1648841401.778592,0.16536964980544688,-0.015873015873012264,-0.04813186813186787
1648841401.799597,0.16498817425802947,0.015873015873012264,-0.05340659340659348
1648841401.820344,0.16460669871061206,-0.015873015873012264,-0.05736263736263725
1648841401.841347,0.16346227206835984,-0.015873015873012264,-0.06000000000000005
1648841401.862093,0.1619363698786902,0.07936507936507553,-0.06000000000000005
1648841401.88297,0.15850308995193352,-0.26984126984126533,-0.05472527472527444
1648841401.903973,0.15697718776226388,-0.11111111111111427,-0.05076923076923068
1648841401.924718,0.15583276112001165,0.015873015873012264,-0.05208791208791208
1648841401.945723,0.15545128557259424,0.11111111111111427,-0.05604395604395629
1648841401.966598,0.15468833447775943,0.07936507936507553,-0.05868131868131865
1648841401.987474,0.15430685893034202,0.015873015873012264,-0.06263736263736286
1648841402.008478,0.1531624322880898,0.07936507936507553,-0.06395604395604426
1648841402.029224,0.15163653009842015,0.07936507936507553,-0.06395604395604426
1648841402.050099,0.14782177462424606,-0.26984126984126533,-0.05736263736263725
1648841402.070974,0.14629587243457642,-0.11111111111111427,-0.05340659340659348
1648841402.091974,0.1455329213397416,0.015873015873012264,-0.05472527472527444
1648841402.112726,0.14438849469748938,-0.015873015873012264,-0.05736263736263725
1648841402.133469,0.14438849469748938,0.015873015873012264,-0.06000000000000005
1648841402.154222,0.14400701915007197,-0.015873015873012264,-0.06395604395604426
1648841402.175099,0.14286259250781974,-0.047619047619051,-0.06659340659340662
1648841402.195971,0.1409552147707327,-0.047619047619051,-0.06395604395604426
1648841402.21685,0.13561455710688897,0.015873015873012264,-0.05076923076923068
1648841402.237726,0.13485160601205415,-0.015873015873012264,-0.05076923076923068
1648841402.258602,0.13447013046463674,0.015873015873012264,-0.05208791208791208
1648841402.279601,0.13370717936980192,0.07936507936507553,-0.05340659340659348
1648841402.300476,0.13370717936980192,0.07936507936507553,-0.05868131868131865
1648841402.321224,0.1333257038223845,-0.047619047619051,-0.06131868131868101
1648841402.342101,0.13141832608529747,-0.047619047619051,-0.06000000000000005
1648841402.362975,0.12531471732661892,-0.36507936507936734,-0.04681318681318691
1648841402.38385,0.12493324177920151,-0.047619047619051,-0.04417582417582411
1648841402.404724,0.12417029068436669,0.015873015873012264,-0.04549450549450551
1648841402.4256,0.12340733958953187,0.1428571428571388,-0.04549450549450551
1648841402.446601,0.12378881513694928,0.07936507936507553,-0.05076923076923068
1648841402.467477,0.12340733958953187,-0.047619047619051,-0.05472527472527444
1648841402.488478,0.12226291294727964,-0.015873015873012264,-0.05340659340659348
1648841402.509223,0.11654077973601851,-0.4285714285714306,-0.0415384615384613
1648841402.52997,0.11539635309376628,-0.17460317460317754,-0.03758241758241754
1648841402.550978,0.11539635309376628,0.015873015873012264,-0.04021978021978034
1648841402.57185,0.11501487754634887,0.11111111111111427,-0.0415384615384613
1648841402.592725,0.11539635309376628,0.015873015873012264,-0.04681318681318691
1648841402.61373,0.11501487754634887,-0.015873015873012264,-0.05076923076923068
1648841402.634473,0.11425192645151405,0.015873015873012264,-0.05208791208791208
1648841402.65548,0.11272602426184442,-0.047619047619051,-0.05076923076923068
1648841402.676354,0.10929274433508773,-0.2380952380952408,-0.04285714285714315
1648841402.69723,0.1077668421454181,-0.11111111111111427,-0.03890109890109894
1648841402.7181,0.10738536659800069,-0.015873015873012264,-0.04021978021978034
1648841402.739105,0.10700389105058328,-0.015873015873012264,-0.04285714285714315
1648841402.759855,0.10662241550316587,-0.047619047619051,-0.04681318681318691
1648841402.78073,0.10662241550316587,0.015873015873012264,-0.04813186813186787
1648841402.801605,0.10585946440833105,0.015873015873012264,-0.04945054945054972
1648841402.822481,0.10509651331349623,-0.047619047619051,-0.05076923076923068
1648841402.843351,0.10471503776607882,-0.015873015873012264,-0.05208791208791208
1648841402.864226,0.10433356221866141,-0.047619047619051,-0.05472527472527444
1648841402.885231,0.103952086671244,-0.015873015873012264,-0.05736263736263725
1648841402.906106,0.1035706111238266,0.015873015873012264,-0.06000000000000005
1648841402.926972,0.10242618448157437,-0.015873015873012264,-0.05868131868131865
1648841402.947468,0.10128175783932214,-0.047619047619051,-0.05736263736263725
1648841402.968103,0.09784847791256546,-0.17460317460317754,-0.05076923076923068
1648841402.988858,0.09746700236514805,-0.11111111111111427,-0.04945054945054972
1648841403.00973,0.09708552681773064,-0.015873015873012264,-0.05076923076923068
1648841403.030479,0.09632257572289582,-0.015873015873012264,-0.05076923076923068
1648841403.051483,0.09632257572289582,-0.015873015873012264,-0.05340659340659348
1648841403.072353,0.09594110017547841,-0.015873015873012264,-0.05736263736263725
1648841403.093234,0.09517814908064359,-0.047619047619051,-0.05736263736263725
1648841403.114103,0.09479667353322618,-0.015873015873012264,-0.05868131868131865
1648841403.134979,0.09441519798580877,0.07936507936507553,-0.05868131868131865
1648841403.155982,0.09365224689097396,0.015873015873012264,-0.06000000000000005
1648841403.176729,0.09288929579613914,-0.015873015873012264,-0.06131868131868101
1648841403.197605,0.09250782024872173,-0.015873015873012264,-0.06131868131868101
1648841403.218479,0.09098191805905209,-0.047619047619051,-0.06000000000000005
1648841403.239484,0.08831158922713023,-0.11111111111111427,-0.05340659340659348
1648841403.260355,0.08754863813229541,-0.015873015873012264,-0.05208791208791208
1648841403.281235,0.08678568703746059,-0.015873015873012264,-0.05208791208791208
1648841403.302111,0.08640421149004318,-0.047619047619051,-0.05208791208791208
1648841403.322854,0.08640421149004318,-0.047619047619051,-0.05604395604395629
1648841403.34386,0.08640421149004318,0.015873015873012264,-0.05868131868131865
1648841403.364736,0.08602273594262577,0.07936507936507553,-0.06000000000000005
1648841403.385482,0.08525978484779095,0.015873015873012264,-0.06000000000000005
1648841403.406485,0.08487830930037354,0.015873015873012264,-0.06131868131868101
1648841403.427359,0.08411535820553873,0.015873015873012264,-0.06131868131868101
1648841403.448108,0.08373388265812132,-0.047619047619051,-0.06263736263736286
1648841403.468857,0.08373388265812132,0.015873015873012264,-0.06395604395604426
1648841403.489861,0.0829709315632865,-0.015873015873012264,-0.06527472527472522
1648841403.510737,0.08182650492103427,-0.11111111111111427,-0.06263736263736286
1648841403.531607,0.07724879835202536,-0.015873015873012264,-0.05076923076923068
1648841403.552483,0.07686732280460795,-0.015873015873012264,-0.04813186813186787
1648841403.573362,0.07648584725719054,0.015873015873012264,-0.04813186813186787
1648841403.594236,0.07610437170977313,0.07936507936507553,-0.04945054945054972
1648841403.615112,0.07648584725719054,-0.015873015873012264,-0.05340659340659348
1648841403.635988,0.07610437170977313,0.015873015873012264,-0.05604395604395629
1648841403.656859,0.07572289616235572,-0.015873015873012264,-0.05736263736263725
1648841403.677736,0.07534142061493831,-0.11111111111111427,-0.05736263736263725
1648841403.698613,0.07419699397268609,-0.015873015873012264,-0.05604395604395629
1648841403.719484,0.07381551842526868,0.015873015873012264,-0.05604395604395629
1648841403.740359,0.07381551842526868,0.015873015873012264,-0.05868131868131865
1648841403.761233,0.07381551842526868,0.015873015873012264,-0.06000000000000005
1648841403.782108,0.07343404287785127,-0.015873015873012264,-0.06131868131868101
1648841403.803114,0.07152666514076422,-0.1428571428571388,-0.05868131868131865
1648841403.82399,0.0665674830243379,0.015873015873012264,-0.04285714285714315
1648841403.844861,0.0665674830243379,-0.047619047619051,-0.0415384615384613
1648841403.86574,0.0661860074769205,-0.047619047619051,-0.0415384615384613
1648841403.886613,0.0661860074769205,0.015873015873012264,-0.04417582417582411
1648841403.907485,0.0661860074769205,-0.047619047619051,-0.04681318681318691
1648841403.928489,0.0661860074769205,-0.047619047619051,-0.04945054945054972
1648841403.949236,0.0661860074769205,-0.015873015873012264,-0.05076923076923068
1648841403.969986,0.06504158083466827,-0.015873015873012264,-0.05076923076923068
1648841403.990859,0.06466010528725086,0.015873015873012264,-0.04945054945054972
1648841404.011867,0.06427862973983345,-0.047619047619051,-0.04945054945054972
1648841404.032741,0.06389715419241604,-0.047619047619051,-0.05208791208791208
1648841404.053487,0.06427862973983345,0.015873015873012264,-0.05340659340659348
1648841404.074362,0.06389715419241604,0.015873015873012264,-0.05340659340659348
1648841404.095367,0.061608300907911584,0.015873015873012264,-0.04813186813186787
1648841404.116242,0.05779354543373749,0.07936507936507553,-0.03758241758241754
1648841404.137117,0.05779354543373749,0.015873015873012264,-0.03626373626373658
1648841404.15799,0.05779354543373749,0.015873015873012264,-0.03758241758241754
1648841404.178866,0.05741206988632008,0.07936507936507553,-0.03890109890109894
1648841404.199739,0.05779354543373749,-0.047619047619051,-0.0415384615384613
1648841404.220617,0.05741206988632008,-0.015873015873012264,-0.04417582417582411
1648841404.241489,0.057030594338902674,-0.015873015873012264,-0.04417582417582411
1648841404.262363,0.056649118791485265,-0.047619047619051,-0.04285714285714315
1648841404.283367,0.056267643244067855,0.07936507936507553,-0.04285714285714315
1648841404.304243,0.056267643244067855,-0.11111111111111427,-0.04417582417582411
1648841404.325119,0.055886167696650446,-0.015873015873012264,-0.04681318681318691
1648841404.345865,0.055886167696650446,-0.015873015873012264,-0.04813186813186787
1648841404.366612,0.055886167696650446,0.015873015873012264,-0.04945054945054972
1648841404.38749,0.05550469214923304,-0.047619047619051,-0.04945054945054972
1648841404.408494,0.05512321660181563,0.015873015873012264,-0.04813186813186787
1648841404.429364,0.05474174105439822,-0.047619047619051,-0.04945054945054972
1648841404.45024,0.05436026550698081,-0.015873015873012264,-0.05208791208791208
1648841404.471118,0.05436026550698081,-0.11111111111111427,-0.05208791208791208
1648841404.49199,0.0539787899595634,-0.015873015873012264,-0.05208791208791208
1648841404.512866,0.05283436331731117,-0.015873015873012264,-0.04945054945054972
1648841404.533742,0.052071412222476354,-0.015873015873012264,-0.04945054945054972
1648841404.554617,0.051308461127641536,-0.11111111111111427,-0.04681318681318691
1648841404.575492,0.05054551003280672,0.015873015873012264,-0.04549450549450551
1648841404.596497,0.0497825589379719,-0.015873015873012264,-0.04417582417582411
1648841404.617372,0.04940108339055449,-0.015873015873012264,-0.04417582417582411
1648841404.638118,0.04940108339055449,-0.015873015873012264,-0.04417582417582411
1648841404.659122,0.04901960784313708,0.07936507936507553,-0.04417582417582411
1648841404.679997,0.04901960784313708,-0.015873015873012264,-0.04549450549450551
1648841404.700871,0.04863813229571967,-0.015873015873012264,-0.04681318681318691
1648841404.721618,0.04863813229571967,0.015873015873012264,-0.04813186813186787
1648841404.742493,0.04825665674830226,-0.015873015873012264,-0.04813186813186787
1648841404.763498,0.04787518120088485,-0.015873015873012264,-0.04813186813186787
1648841404.784243,0.04787518120088485,0.015873015873012264,-0.04813186813186787
1648841404.805117,0.047493705653467444,0.07936507936507553,-0.04945054945054972
1648841404.825993,0.047493705653467444,0.015873015873012264,-0.05076923076923068
1648841404.846867,0.047493705653467444,-0.015873015873012264,-0.05208791208791208
1648841404.867744,0.047112230106050035,0.015873015873012264,-0.05208791208791208
1648841404.88862,0.046730754558632626,-0.047619047619051,-0.05340659340659348
1648841404.909494,0.046730754558632626,-0.015873015873012264,-0.05340659340659348
1648841404.930499,0.046730754558632626,-0.015873015873012264,-0.05472527472527444
1648841404.951375,0.046730754558632626,-0.015873015873012264,-0.05472527472527444
1648841404.972121,0.046349279011215216,-0.015873015873012264,-0.05604395604395629
1648841404.993123,0.046349279011215216,-0.015873015873012264,-0.05604395604395629
1648841405.01387,0.04596780346379781,-0.047619047619051,-0.05736263736263725
1648841405.03477,0.04596780346379781,-0.015873015873012264,-0.05868131868131865
1648841405.055621,0.0455863279163804,-0.015873015873012264,-0.05868131868131865
1648841405.076496,0.0455863279163804,-0.015873015873012264,-0.05868131868131865
1648841405.097501,0.04520485236896299,-0.047619047619051,-0.06000000000000005
1648841405.118247,0.04520485236896299,0.015873015873012264,-0.06000000000000005
1648841405.13925,0.04520485236896299,-0.015873015873012264,-0.06000000000000005
1648841405.160127,0.04482337682154558,-0.015873015873012264,-0.06131868131868101
1648841405.181,0.04444190127412817,0.015873015873012264,-0.06131868131868101
1648841405.201877,0.04406042572671076,-0.015873015873012264,-0.06000000000000005
1648841405.222774,0.04406042572671076,-0.047619047619051,-0.06131868131868101
1648841405.243754,0.04406042572671076,-0.047619047619051,-0.06263736263736286
1648841405.264498,0.04329747463187594,-0.015873015873012264,-0.06263736263736286
1648841405.285504,0.04329747463187594,-0.015873015873012264,-0.06131868131868101
1648841405.306248,0.042915999084458534,-0.015873015873012264,-0.06263736263736286
1648841405.327125,0.0413900968947889,-0.11111111111111427,-0.05868131868131865
1648841405.348128,0.03948271915770185,-0.015873015873012264,-0.05208791208791208
1648841405.369002,0.03948271915770185,-0.015873015873012264,-0.05076923076923068
1648841405.38962,0.03910124361028444,0.015873015873012264,-0.05076923076923068
1648841405.410504,0.03871976806286703,-0.047619047619051,-0.05076923076923068
1648841405.431504,0.03871976806286703,-0.015873015873012264,-0.05208791208791208
1648841405.452254,0.03871976806286703,-0.047619047619051,-0.05208791208791208
1648841405.473128,0.03871976806286703,0.07936507936507553,-0.05340659340659348
1648841405.494003,0.03833829251544962,-0.015873015873012264,-0.05340659340659348
1648841405.514886,0.03833829251544962,-0.015873015873012264,-0.05208791208791208
1648841405.535874,0.037956816968032214,0.015873015873012264,-0.05472527472527444
1648841405.55675,0.037956816968032214,-0.015873015873012264,-0.05472527472527444
1648841405.577628,0.037956816968032214,-0.015873015873012264,-0.05604395604395629
1648841405.598505,0.037956816968032214,-0.015873015873012264,-0.05604395604395629
1648841405.619505,0.037575341420614805,-0.015873015873012264,-0.05736263736263725
1648841405.640254,0.037575341420614805,0.015873015873012264,-0.05736263736263725
1648841405.661131,0.037193865873197396,-0.015873015873012264,-0.05736263736263725
1648841405.681876,0.037575341420614805,-0.015873015873012264,-0.05736263736263725
1648841405.702878,0.037193865873197396,0.015873015873012264,-0.05868131868131865
1648841405.723881,0.037193865873197396,0.015873015873012264,-0.06000000000000005
1648841405.744626,0.037193865873197396,0.07936507936507553,-0.05868131868131865
1648841405.765502,0.03681239032577999,-0.015873015873012264,-0.06000000000000005
1648841405.786507,0.03681239032577999,0.015873015873012264,-0.06000000000000005
1648841405.807382,0.03681239032577999,-0.015873015873012264,-0.06131868131868101
1648841405.828256,0.03643091477836258,-0.047619047619051,-0.06263736263736286
1648841405.849133,0.03681239032577999,0.07936507936507553,-0.06263736263736286
1648841405.869878,0.03643091477836258,-0.015873015873012264,-0.06263736263736286
1648841405.890782,0.03643091477836258,-0.015873015873012264,-0.06263736263736286
1648841405.911758,0.03604943923094517,0.07936507936507553,-0.06263736263736286
1648841405.932633,0.03604943923094517,0.07936507936507553,-0.06395604395604426
1648841405.953508,0.03604943923094517,-0.015873015873012264,-0.06395604395604426
1648841405.974383,0.03566796368352776,-0.11111111111111427,-0.06395604395604426
1648841405.995129,0.03566796368352776,0.015873015873012264,-0.06527472527472522
1648841406.016135,0.03528648813611035,-0.11111111111111427,-0.06395604395604426
1648841406.03688,0.03528648813611035,-0.11111111111111427,-0.06527472527472522
1648841406.057759,0.03490501258869294,-0.015873015873012264,-0.06527472527472522
1648841406.078632,0.03528648813611035,0.07936507936507553,-0.06527472527472522
1648841406.099635,0.03490501258869294,-0.047619047619051,-0.06659340659340662
1648841406.120509,0.03490501258869294,-0.047619047619051,-0.06659340659340662
1648841406.141256,0.03452353704127553,0.015873015873012264,-0.06527472527472522
1648841406.162132,0.03452353704127553,-0.015873015873012264,-0.06527472527472522
1648841406.183134,0.03414206149385812,-0.047619047619051,-0.06659340659340662
1648841406.203752,0.03414206149385812,-0.047619047619051,-0.06659340659340662
1648841406.224635,0.03376058594644071,-0.047619047619051,-0.06659340659340662
1648841406.245506,0.03376058594644071,-0.11111111111111427,-0.06527472527472522
1648841406.266381,0.032997634851605895,-0.11111111111111427,-0.06527472527472522
1648841406.287256,0.032616159304188486,-0.015873015873012264,-0.06395604395604426
1648841406.308132,0.032616159304188486,0.07936507936507553,-0.06263736263736286
1648841406.329136,0.03070878156710144,-0.1428571428571388,-0.05868131868131865
1648841406.349754,0.02994583047226662,-0.015873015873012264,-0.05340659340659348
1648841406.370637,0.029564354924849212,-0.015873015873012264,-0.05340659340659348
1648841406.391512,0.028801403830014394,-0.015873015873012264,-0.05208791208791208
1648841406.412387,0.028801403830014394,-0.047619047619051,-0.05208791208791208
1648841406.433262,0.029182879377431803,0.07936507936507553,-0.05340659340659348
1648841406.454137,0.028801403830014394,0.015873015873012264,-0.05472527472527444
1648841406.474775,0.028801403830014394,0.015873015873012264,-0.05340659340659348
1648841406.495636,0.028801403830014394,-0.015873015873012264,-0.05340659340659348
1648841406.516381,0.028419928282596985,-0.015873015873012264,-0.05472527472527444
1648841406.537264,0.028419928282596985,0.015873015873012264,-0.05472527472527444
1648841406.558138,0.028419928282596985,-0.015873015873012264,-0.05472527472527444
1648841406.579015,0.028419928282596985,-0.015873015873012264,-0.05472527472527444
1648841406.599888,0.028419928282596985,0.015873015873012264,-0.05472527472527444
1648841406.620763,0.028038452735179575,-0.015873015873012264,-0.05604395604395629
1648841406.641639,0.028038452735179575,-0.1428571428571388,-0.05604395604395629
1648841406.662514,0.028038452735179575,0.015873015873012264,-0.05736263736263725
1648841406.683388,0.028038452735179575,-0.015873015873012264,-0.05604395604395629
1648841406.704268,0.028038452735179575,-0.047619047619051,-0.05604395604395629
1648841406.72514,0.027656977187762166,-0.015873015873012264,-0.05736263736263725
1648841406.746016,0.027656977187762166,-0.015873015873012264,-0.05736263736263725
1648841406.766889,0.027656977187762166,-0.015873015873012264,-0.05736263736263725
1648841406.787765,0.027656977187762166,-0.015873015873012264,-0.05868131868131865
1648841406.808641,0.027656977187762166,-0.015873015873012264,-0.05868131868131865
1648841406.829515,0.027656977187762166,-0.047619047619051,-0.06000000000000005
1648841406.85039,0.027275501640344757,-0.015873015873012264,-0.05868131868131865
1648841406.871267,0.027275501640344757,-0.047619047619051,-0.05868131868131865
1648841406.892137,0.027275501640344757,-0.015873015873012264,-0.06000000000000005
1648841406.913018,0.027275501640344757,-0.015873015873012264,-0.06000000000000005
1648841406.933891,0.027275501640344757,-0.015873015873012264,-0.06000000000000005
1648841406.954794,0.026894026092927348,-0.047619047619051,-0.06131868131868101
1648841406.975639,0.026894026092927348,-0.015873015873012264,-0.06000000000000005
1648841406.996513,0.026894026092927348,-0.015873015873012264,-0.06000000000000005
1648841407.017516,0.026894026092927348,-0.047619047619051,-0.06131868131868101
1648841407.038268,0.026894026092927348,-0.11111111111111427,-0.06131868131868101
1648841407.059142,0.026894026092927348,-0.047619047619051,-0.06131868131868101
1648841407.080019,0.02651255054550994,0.015873015873012264,-0.06131868131868101
1648841407.100892,0.02651255054550994,0.015873015873012264,-0.06131868131868101
1648841407.121893,0.02651255054550994,-0.047619047619051,-0.06131868131868101
1648841407.143135,0.02651255054550994,-0.047619047619051,-0.06263736263736286
1648841407.16402,0.02651255054550994,-0.047619047619051,-0.06263736263736286
1648841407.184889,0.02651255054550994,-0.015873015873012264,-0.06263736263736286
1648841407.206019,0.02651255054550994,-0.015873015873012264,-0.06263736263736286
1648841407.226893,0.02613107499809253,-0.11111111111111427,-0.06395604395604426
1648841407.247766,0.02613107499809253,-0.047619047619051,-0.06263736263736286
1648841407.268644,0.02613107499809253,-0.015873015873012264,-0.06395604395604426
1648841407.289517,0.02613107499809253,0.07936507936507553,-0.06395604395604426
1648841407.310518,0.02613107499809253,0.015873015873012264,-0.06395604395604426
1648841407.331396,0.02574959945067512,-0.047619047619051,-0.06395604395604426
1648841407.352271,0.02574959945067512,-0.015873015873012264,-0.06395604395604426
1648841407.373145,0.02574959945067512,0.07936507936507553,-0.06527472527472522
1648841407.394023,0.02574959945067512,-0.015873015873012264,-0.06395604395604426
1648841407.414895,0.02574959945067512,-0.015873015873012264,-0.06395604395604426
1648841407.435897,0.02536812390325771,-0.047619047619051,-0.06527472527472522
